[?1034hw =

   1.6000e+01  -1.6000e+01
  -1.8236e+03   1.8236e+03
  -4.8367e+03   4.8367e+03
   1.9393e+03  -1.9393e+03
  -2.6317e+03   2.6317e+03
   1.5635e+03  -1.5635e+03
  -7.8182e+02   7.8182e+02
   1.0950e+04  -1.0950e+04
   8.3599e+03  -8.3599e+03
   5.1885e+03  -5.1885e+03
   5.6592e+03  -5.6592e+03
  -3.9625e+03   3.9625e+03
  -1.8092e+03   1.8092e+03
  -9.5309e+03   9.5309e+03
   3.4147e+03  -3.4147e+03
   2.5403e+03  -2.5403e+03
   3.6341e+03  -3.6341e+03
   1.2166e+03  -1.2166e+03
  -2.1524e+03   2.1524e+03
   3.5616e+03  -3.5616e+03
  -1.8406e+03   1.8406e+03
  -3.1947e+03   3.1947e+03
  -4.8985e+03   4.8985e+03
   4.8689e+02  -4.8689e+02
   1.8612e+03  -1.8612e+03
  -1.8586e+03   1.8586e+03
  -3.7951e+03   3.7951e+03
  -3.4719e+03   3.4719e+03
  -4.1194e+02   4.1194e+02
   2.3273e+03  -2.3273e+03
  -3.3195e+03   3.3195e+03
   4.0222e+02  -4.0222e+02
   9.1569e+03  -9.1569e+03
  -1.9561e+03   1.9561e+03
  -4.2075e+03   4.2075e+03
   7.6783e+01  -7.6783e+01
  -4.2887e+02   4.2887e+02
  -2.2654e+03   2.2654e+03
  -4.5180e+03   4.5180e+03
   9.4930e+03  -9.4930e+03
   1.8340e+03  -1.8340e+03
  -1.3124e+03   1.3124e+03
  -3.9134e+02   3.9134e+02
   1.9282e+02  -1.9282e+02
  -8.2660e+03   8.2660e+03
  -2.7099e+03   2.7099e+03
   1.9324e+03  -1.9324e+03
   2.1130e+03  -2.1130e+03
  -8.6449e+02   8.6449e+02
  -3.2338e+03   3.2338e+03
  -3.0061e+03   3.0061e+03
  -1.0945e+03   1.0945e+03
   6.2967e+01  -6.2967e+01
   4.1340e+03  -4.1340e+03
   9.8431e+03  -9.8431e+03
   1.1819e+03  -1.1819e+03
  -3.2977e+03   3.2977e+03
   6.6532e+03  -6.6532e+03
   1.1508e+03  -1.1508e+03
   3.5369e+02  -3.5369e+02
  -4.2087e+03   4.2087e+03
  -3.8319e+02   3.8319e+02
   6.1377e+02  -6.1377e+02
  -6.2742e+03   6.2742e+03
  -2.2147e+03   2.2147e+03
  -5.1640e+03   5.1640e+03
   8.1223e+02  -8.1223e+02
  -1.5724e+03   1.5724e+03
  -5.5529e+02   5.5529e+02
   9.6881e+03  -9.6881e+03
   4.2202e+03  -4.2202e+03
  -4.7089e+02   4.7089e+02
   7.4530e+02  -7.4530e+02
   6.3165e+02  -6.3165e+02
  -3.2684e+03   3.2684e+03
  -1.4099e+03   1.4099e+03
   7.6562e+03  -7.6562e+03
   5.7056e+03  -5.7056e+03
   1.9671e+03  -1.9671e+03
   2.2130e+03  -2.2130e+03
   1.8516e+03  -1.8516e+03
  -9.2355e+02   9.2355e+02
  -1.0951e+03   1.0951e+03
   9.2187e+02  -9.2187e+02
  -3.0139e+03   3.0139e+03
   1.9524e+02  -1.9524e+02
   2.0577e+02  -2.0577e+02
   2.7706e+03  -2.7706e+03
  -3.7513e+03   3.7513e+03
   1.9219e+03  -1.9219e+03
  -2.2875e+03   2.2875e+03
  -4.4315e+01   4.4315e+01
  -2.6794e+03   2.6794e+03
   1.5728e+02  -1.5728e+02
  -3.3655e+03   3.3655e+03
   2.3144e+03  -2.3144e+03
   2.1613e+03  -2.1613e+03
  -2.5327e+03   2.5327e+03
   1.8117e+02  -1.8117e+02
   3.3228e+03  -3.3228e+03
  -3.5965e+02   3.5965e+02
   8.5803e+02  -8.5803e+02
  -1.1221e+03   1.1221e+03
  -1.5595e+03   1.5595e+03
  -3.8509e+03   3.8509e+03
   6.1575e+03  -6.1575e+03
   1.2970e+03  -1.2970e+03
  -1.6176e+03   1.6176e+03
  -1.5824e+03   1.5824e+03
  -8.7581e+01   8.7581e+01
  -7.1884e+03   7.1884e+03
  -3.4736e+02   3.4736e+02
   6.8626e+02  -6.8626e+02
   2.6086e+02  -2.6086e+02
  -5.7017e+03   5.7017e+03
  -1.8639e+02   1.8639e+02
   1.9825e+03  -1.9825e+03
  -3.2686e+03   3.2686e+03
   1.2540e+02  -1.2540e+02
   1.4498e+03  -1.4498e+03
   6.4344e+02  -6.4344e+02
   1.3628e+03  -1.3628e+03
  -1.8219e+03   1.8219e+03
   5.4472e+03  -5.4472e+03
  -6.4370e+02   6.4370e+02
  -2.4439e+03   2.4439e+03
   2.1929e+03  -2.1929e+03
   2.6556e+03  -2.6556e+03
   2.1921e+03  -2.1921e+03
   5.8639e+02  -5.8639e+02
   3.1859e+02  -3.1859e+02
   2.0261e+03  -2.0261e+03
   1.4768e+03  -1.4768e+03
  -3.5503e+02   3.5503e+02
  -1.1911e+03   1.1911e+03
  -1.5250e+02   1.5250e+02
  -8.8589e+02   8.8589e+02
   4.3694e+02  -4.3694e+02
   2.8926e+03  -2.8926e+03
   1.5073e+03  -1.5073e+03
   2.0694e+03  -2.0694e+03
   7.6856e+02  -7.6856e+02
  -1.8072e+03   1.8072e+03
  -3.1858e+03   3.1858e+03
  -2.5696e+03   2.5696e+03
  -3.2045e+03   3.2045e+03
  -1.1459e+02   1.1459e+02
   3.7866e+03  -3.7866e+03
   5.5815e+03  -5.5815e+03
   3.0194e+03  -3.0194e+03
   8.9666e+03  -8.9666e+03
   3.3643e+03  -3.3643e+03
   3.6334e+03  -3.6334e+03
   3.3933e+03  -3.3933e+03
   4.3056e+03  -4.3056e+03
   3.8220e+02  -3.8220e+02
  -1.8411e+03   1.8411e+03
   1.8353e+03  -1.8353e+03
   2.2575e+03  -2.2575e+03
  -4.1745e+03   4.1745e+03
   4.3870e+02  -4.3870e+02
  -2.4837e+03   2.4837e+03
  -1.2581e+04   1.2581e+04
   1.2415e+03  -1.2415e+03
  -1.3109e+03   1.3109e+03
   5.3089e+02  -5.3089e+02
  -1.6066e+03   1.6066e+03
  -3.0206e+03   3.0206e+03
   5.4092e+02  -5.4092e+02
  -2.0651e+03   2.0651e+03
   2.1177e+02  -2.1177e+02
   2.9163e+03  -2.9163e+03
   4.4462e+03  -4.4462e+03
   2.9757e+03  -2.9757e+03
  -1.7624e+03   1.7624e+03
   8.9659e+02  -8.9659e+02
  -5.8849e+01   5.8849e+01
  -1.4336e+03   1.4336e+03
   3.1091e+03  -3.1091e+03
   2.5881e+03  -2.5881e+03
   3.7252e+03  -3.7252e+03
  -4.3674e+03   4.3674e+03
  -2.3399e+03   2.3399e+03
   2.5759e+03  -2.5759e+03
   1.2958e+03  -1.2958e+03
   4.4213e+03  -4.4213e+03
   1.4354e+03  -1.4354e+03
  -6.4326e+03   6.4326e+03
  -4.0369e+03   4.0369e+03
  -6.4994e+02   6.4994e+02
  -1.1040e+03   1.1040e+03
  -5.0184e+03   5.0184e+03
   1.8939e+02  -1.8939e+02
   1.0604e+03  -1.0604e+03
   6.9981e+02  -6.9981e+02
   1.7323e+03  -1.7323e+03
  -2.3314e+03   2.3314e+03
   5.5151e+03  -5.5151e+03
   7.4536e+03  -7.4536e+03
  -3.3711e+03   3.3711e+03
  -3.2494e+03   3.2494e+03
  -2.4395e+03   2.4395e+03
   4.1366e+03  -4.1366e+03
   4.7912e+02  -4.7912e+02
  -2.6541e+01   2.6541e+01
  -2.6367e+03   2.6367e+03
  -2.7498e+03   2.7498e+03
   1.9235e+03  -1.9235e+03
  -4.9197e+03   4.9197e+03
   5.8621e+03  -5.8621e+03
  -6.7260e+03   6.7260e+03
   3.5187e+03  -3.5187e+03
  -4.9489e+03   4.9489e+03
   9.2581e+02  -9.2581e+02
   5.7530e+03  -5.7530e+03
  -6.6440e+03   6.6440e+03
  -2.0061e+03   2.0061e+03
  -5.0556e+03   5.0556e+03
   2.0768e+03  -2.0768e+03
  -2.5124e+03   2.5124e+03
  -4.3618e+03   4.3618e+03
   3.7232e+02  -3.7232e+02
   1.1684e+03  -1.1684e+03
   1.5081e+03  -1.5081e+03
  -1.9726e+03   1.9726e+03
  -1.9853e+03   1.9853e+03
   1.6388e+03  -1.6388e+03
   5.9820e+03  -5.9820e+03
   5.0728e+03  -5.0728e+03
   1.4298e+03  -1.4298e+03
  -2.6405e+03   2.6405e+03
   1.2816e+04  -1.2816e+04
  -6.3894e+03   6.3894e+03
  -2.9391e+03   2.9391e+03
  -1.1492e+02   1.1492e+02
  -4.4923e+03   4.4923e+03
  -5.4333e+01   5.4333e+01
  -1.0296e+03   1.0296e+03
  -1.6026e+03   1.6026e+03
  -1.4586e+03   1.4586e+03
  -2.8270e+03   2.8270e+03
   2.0654e+03  -2.0654e+03
  -1.9470e+03   1.9470e+03
   2.5433e+03  -2.5433e+03
  -4.5478e+03   4.5478e+03
  -1.5565e+03   1.5565e+03
   7.9481e+02  -7.9481e+02
  -1.0365e+03   1.0365e+03
   1.6705e+03  -1.6705e+03
  -5.6152e+02   5.6152e+02
   1.3384e+03  -1.3384e+03
  -6.4365e+02   6.4365e+02
   3.4385e+03  -3.4385e+03
  -3.6888e+03   3.6888e+03
   2.7221e+03  -2.7221e+03
  -3.1042e+03   3.1042e+03
  -1.2887e+03   1.2887e+03
  -6.0570e+03   6.0570e+03
   5.4265e+03  -5.4265e+03
   6.9162e+02  -6.9162e+02
   2.3692e+03  -2.3692e+03
   3.8642e+03  -3.8642e+03
   5.5500e+02  -5.5500e+02
   1.2636e+03  -1.2636e+03
   6.4535e+02  -6.4535e+02
  -5.1727e+01   5.1727e+01
  -7.9526e+03   7.9526e+03
  -3.5820e+03   3.5820e+03
  -1.5011e+03   1.5011e+03
   2.3796e+03  -2.3796e+03
   1.8885e+03  -1.8885e+03
  -4.4807e+03   4.4807e+03
  -6.0397e+03   6.0397e+03
  -3.0259e+03   3.0259e+03
   6.1450e+03  -6.1450e+03
   4.8134e+02  -4.8134e+02
  -5.7715e+03   5.7715e+03
  -3.2606e+03   3.2606e+03
  -2.4546e+03   2.4546e+03
  -8.1940e+02   8.1940e+02
  -2.8036e+03   2.8036e+03
   2.8573e+03  -2.8573e+03
  -3.4003e+03   3.4003e+03
   1.2630e+03  -1.2630e+03
   8.7073e+02  -8.7073e+02
  -7.4019e+03   7.4019e+03
   1.5604e+03  -1.5604e+03
   5.6699e+03  -5.6699e+03
   1.6215e+03  -1.6215e+03
  -7.1079e+02   7.1079e+02
  -1.3906e+03   1.3906e+03
   5.6134e+03  -5.6134e+03
   2.4843e+03  -2.4843e+03
   3.0474e+03  -3.0474e+03
  -1.4601e+03   1.4601e+03
  -1.0149e+03   1.0149e+03
   8.0156e+03  -8.0156e+03
   1.2495e+03  -1.2495e+03
  -6.1077e+03   6.1077e+03
  -1.9700e+03   1.9700e+03
   2.2829e+03  -2.2829e+03
   1.3190e+03  -1.3190e+03
   6.0578e+02  -6.0578e+02
  -3.0937e+03   3.0937e+03
  -3.0221e+03   3.0221e+03
  -1.8895e+03   1.8895e+03
  -2.2943e+03   2.2943e+03
   5.9459e+03  -5.9459e+03
   7.4520e+03  -7.4520e+03
  -3.5388e+03   3.5388e+03
   1.7983e+01  -1.7983e+01
  -2.0845e+02   2.0845e+02
  -2.2561e+03   2.2561e+03
  -2.4252e+01   2.4252e+01
  -5.9351e+03   5.9351e+03
  -8.7454e+03   8.7454e+03
   1.8003e+03  -1.8003e+03
   6.0642e+03  -6.0642e+03
   2.8178e+03  -2.8178e+03
   8.9429e+02  -8.9429e+02
  -1.0341e+03   1.0341e+03
  -2.1235e+03   2.1235e+03
  -9.0572e+01   9.0572e+01
   4.0280e+03  -4.0280e+03
  -7.9237e+02   7.9237e+02
  -4.3955e+03   4.3955e+03
   4.9040e+03  -4.9040e+03
  -1.2616e+03   1.2616e+03
  -5.7952e+03   5.7952e+03
  -3.3047e+03   3.3047e+03
  -2.8545e+03   2.8545e+03
   8.3234e+02  -8.3234e+02
  -1.1159e+03   1.1159e+03
   1.4784e+03  -1.4784e+03
   1.0681e+04  -1.0681e+04
  -8.1737e+03   8.1737e+03
  -2.3012e+02   2.3012e+02
   5.8091e+03  -5.8091e+03
  -6.7115e+03   6.7115e+03
   2.6187e+03  -2.6187e+03
  -2.7141e+02   2.7141e+02
  -1.1692e+03   1.1692e+03
  -2.1458e+03   2.1458e+03
   3.6510e+03  -3.6510e+03
   2.9822e+03  -2.9822e+03
   1.2536e+03  -1.2536e+03
  -5.2151e+02   5.2151e+02
   1.9479e+03  -1.9479e+03
   2.8415e+03  -2.8415e+03
   1.4266e+03  -1.4266e+03
  -1.8746e+02   1.8746e+02
   4.3307e+03  -4.3307e+03
   3.4113e+02  -3.4113e+02
   7.1803e+02  -7.1803e+02
  -4.5993e+03   4.5993e+03
   1.4121e+03  -1.4121e+03
  -2.1519e+03   2.1519e+03
   2.7404e+03  -2.7404e+03
   2.0388e+03  -2.0388e+03
  -7.4300e+03   7.4300e+03
   6.0867e+02  -6.0867e+02
  -1.5354e+03   1.5354e+03
  -5.2247e+03   5.2247e+03
  -1.5982e+03   1.5982e+03
   2.3684e+03  -2.3684e+03
  -2.3299e+03   2.3299e+03
   4.4110e+03  -4.4110e+03
  -4.0456e+02   4.0456e+02
  -3.9967e+02   3.9967e+02
  -3.7372e+03   3.7372e+03
   7.1604e+03  -7.1604e+03
  -1.1368e+02   1.1368e+02
  -2.7235e+02   2.7235e+02
  -2.9893e+03   2.9893e+03
  -4.7476e+02   4.7476e+02
   2.0321e+03  -2.0321e+03
   2.9148e+03  -2.9148e+03
   2.1131e+03  -2.1131e+03
  -3.6333e+03   3.6333e+03
  -2.9319e+03   2.9319e+03
   5.2256e+03  -5.2256e+03
   1.3707e+03  -1.3707e+03
   1.6522e+03  -1.6522e+03
  -2.3548e+03   2.3548e+03
  -7.8358e-01   7.8358e-01
  -2.0428e+02   2.0428e+02
  -4.3787e+01   4.3787e+01
  -5.1588e+03   5.1588e+03
   6.9868e+02  -6.9868e+02
  -6.3472e+02   6.3472e+02
   3.2771e+03  -3.2771e+03
  -5.1522e+03   5.1522e+03
   1.5087e+03  -1.5087e+03
   3.9683e+03  -3.9683e+03
  -1.7134e+03   1.7134e+03
   4.7198e+03  -4.7198e+03
  -2.2153e+03   2.2153e+03
   2.4717e+03  -2.4717e+03
   1.3794e+02  -1.3794e+02
  -3.0013e+03   3.0013e+03
   5.3222e+03  -5.3222e+03
  -5.6288e+03   5.6288e+03
  -7.8950e+03   7.8950e+03
  -5.7774e+03   5.7774e+03
   2.1918e+03  -2.1918e+03
  -1.7328e+03   1.7328e+03
  -1.2633e+03   1.2633e+03
  -7.4519e+03   7.4519e+03
   5.7440e+03  -5.7440e+03
  -1.1689e+03   1.1689e+03
   1.8412e+03  -1.8412e+03
   7.0795e+02  -7.0795e+02
  -2.0424e+03   2.0424e+03
  -6.5068e+02   6.5068e+02
   7.8064e+02  -7.8064e+02
  -2.1967e+03   2.1967e+03
   4.6737e+03  -4.6737e+03
  -4.4572e+03   4.4572e+03
  -4.9413e+03   4.9413e+03
   8.2719e+02  -8.2719e+02
  -1.3810e+03   1.3810e+03
   4.0062e+03  -4.0062e+03
  -4.1818e+03   4.1818e+03
  -5.4361e+03   5.4361e+03
   3.5748e+02  -3.5748e+02
   4.5552e+03  -4.5552e+03
   1.0516e+03  -1.0516e+03
   1.3061e+03  -1.3061e+03
  -2.1370e+03   2.1370e+03
  -8.1495e+03   8.1495e+03
   8.0104e+02  -8.0104e+02
   5.4219e+03  -5.4219e+03
  -3.3710e+03   3.3710e+03
   4.3303e+02  -4.3303e+02
   1.8228e+03  -1.8228e+03
  -1.2877e+03   1.2877e+03
   6.4935e+03  -6.4935e+03
  -1.4278e+03   1.4278e+03
   1.0608e+02  -1.0608e+02
  -4.3534e+02   4.3534e+02
  -4.6809e+03   4.6809e+03
  -7.9521e+02   7.9521e+02
  -7.4278e+03   7.4278e+03
   3.7159e+03  -3.7159e+03
  -2.9078e+03   2.9078e+03
  -4.1577e+02   4.1577e+02
   2.8990e+02  -2.8990e+02
  -1.8012e+03   1.8012e+03
   2.6261e+03  -2.6261e+03
   7.7769e+02  -7.7769e+02
  -1.3841e+02   1.3841e+02
  -3.0553e+03   3.0553e+03
  -2.3128e+03   2.3128e+03
  -1.0175e+03   1.0175e+03
   4.6828e+03  -4.6828e+03
  -9.6926e+03   9.6926e+03
  -9.8083e+02   9.8083e+02
   2.6173e+00  -2.6173e+00
  -2.8352e+03   2.8352e+03
  -1.5643e+03   1.5643e+03
  -1.7490e+03   1.7490e+03
   6.6967e+03  -6.6967e+03
   2.3001e+03  -2.3001e+03
  -3.8745e+02   3.8745e+02
  -3.8804e+03   3.8804e+03
  -4.6562e+03   4.6562e+03
   3.3380e+03  -3.3380e+03
  -2.1649e+03   2.1649e+03
  -1.1773e+03   1.1773e+03
  -2.1615e+03   2.1615e+03
   2.7667e+03  -2.7667e+03
   1.1416e+04  -1.1416e+04
  -3.0674e+03   3.0674e+03
   2.4441e+02  -2.4441e+02
   2.4431e+03  -2.4431e+03
   1.8130e+03  -1.8130e+03
  -7.9645e+03   7.9645e+03
  -2.6026e+02   2.6026e+02
   5.4787e+03  -5.4787e+03
  -5.9776e+02   5.9776e+02
   1.6376e+03  -1.6376e+03
  -3.1655e+03   3.1655e+03
  -2.9323e+03   2.9323e+03
  -2.6712e+03   2.6712e+03
  -1.2984e+03   1.2984e+03
  -1.5055e+03   1.5055e+03
  -1.0212e+03   1.0212e+03
   3.0201e+02  -3.0201e+02
   9.5246e+02  -9.5246e+02
   1.3490e+03  -1.3490e+03
  -1.9731e+03   1.9731e+03
  -9.1535e+02   9.1535e+02
  -2.4363e+03   2.4363e+03
  -2.0780e+03   2.0780e+03
   2.5609e+03  -2.5609e+03
  -4.8643e+03   4.8643e+03
  -3.6074e+03   3.6074e+03
   6.9091e+03  -6.9091e+03
  -2.2028e+03   2.2028e+03
  -2.0198e+03   2.0198e+03
  -1.0230e+03   1.0230e+03
   3.4672e+03  -3.4672e+03
   2.4878e+03  -2.4878e+03
   1.0483e+03  -1.0483e+03
  -1.7289e+03   1.7289e+03
  -7.5404e+02   7.5404e+02
   1.9221e+03  -1.9221e+03
  -3.8139e+03   3.8139e+03
   5.0888e+03  -5.0888e+03
   2.6457e+03  -2.6457e+03
  -3.6315e+03   3.6315e+03
  -2.7638e+03   2.7638e+03
  -5.7848e+03   5.7848e+03
   3.3697e+03  -3.3697e+03
   2.9632e+03  -2.9632e+03
  -1.3672e+03   1.3672e+03
   2.0482e+03  -2.0482e+03
   2.6889e+03  -2.6889e+03
  -3.7499e+03   3.7499e+03
   2.6386e+03  -2.6386e+03
  -1.7974e+02   1.7974e+02
  -9.3401e+02   9.3401e+02
  -5.0391e+03   5.0391e+03
  -3.2037e+03   3.2037e+03
  -4.9145e+03   4.9145e+03
   2.1612e+03  -2.1612e+03
  -4.0809e+02   4.0809e+02
  -2.5135e+03   2.5135e+03
  -3.3917e+03   3.3917e+03
   3.6646e+03  -3.6646e+03
  -1.3683e+03   1.3683e+03
  -5.1234e+02   5.1234e+02
  -2.9721e+03   2.9721e+03
  -5.6435e+03   5.6435e+03
   3.3795e+03  -3.3795e+03
  -7.7382e+02   7.7382e+02
  -1.2306e+03   1.2306e+03
  -9.6813e+02   9.6813e+02
   2.2869e+03  -2.2869e+03
   7.3837e+02  -7.3837e+02
  -3.6747e+02   3.6747e+02
   4.5131e+03  -4.5131e+03
   2.8192e+03  -2.8192e+03
   1.5536e+03  -1.5536e+03
   2.5191e+03  -2.5191e+03
   2.1777e+03  -2.1777e+03
  -5.5309e+03   5.5309e+03
   2.7350e+03  -2.7350e+03
  -2.7564e+03   2.7564e+03
  -7.2125e+02   7.2125e+02
   1.0132e+02  -1.0132e+02
   6.3416e+03  -6.3416e+03
   8.9224e+02  -8.9224e+02
  -1.7989e+03   1.7989e+03
   4.3728e+03  -4.3728e+03
   9.2211e+03  -9.2211e+03
   7.2038e+03  -7.2038e+03
   5.0705e+03  -5.0705e+03
   1.9764e+03  -1.9764e+03
  -7.4597e+02   7.4597e+02
  -2.2897e+02   2.2897e+02
  -2.3013e+03   2.3013e+03
   7.0921e+03  -7.0921e+03
  -5.8139e+03   5.8139e+03
  -6.3276e+02   6.3276e+02
   1.3488e+03  -1.3488e+03
  -2.9980e+03   2.9980e+03
  -3.3847e+03   3.3847e+03
   9.5405e+02  -9.5405e+02
  -1.6067e+03   1.6067e+03
  -9.9562e+02   9.9562e+02
   5.8453e+03  -5.8453e+03
   2.0346e+03  -2.0346e+03
   4.3468e+03  -4.3468e+03
  -1.5317e+03   1.5317e+03
  -2.6377e+03   2.6377e+03
  -6.2522e+03   6.2522e+03
   1.3913e+03  -1.3913e+03
  -3.1757e+03   3.1757e+03
  -7.3628e+03   7.3628e+03
  -6.2362e+03   6.2362e+03
  -1.4674e+03   1.4674e+03
   3.6999e+02  -3.6999e+02
  -1.1780e+03   1.1780e+03
  -3.7193e+03   3.7193e+03
  -1.4097e+03   1.4097e+03
  -4.7552e+03   4.7552e+03
  -7.9653e+02   7.9653e+02
   2.4295e+03  -2.4295e+03
  -2.3017e+03   2.3017e+03
  -4.7732e+03   4.7732e+03
   5.4053e+02  -5.4053e+02
  -2.1887e+03   2.1887e+03
   2.3610e+03  -2.3610e+03
   1.8241e+03  -1.8241e+03
   6.1790e+03  -6.1790e+03
  -5.1349e+03   5.1349e+03
  -7.7993e+02   7.7993e+02
   4.4532e+03  -4.4532e+03
  -9.6718e+02   9.6718e+02
  -7.3931e+02   7.3931e+02
   2.2054e+03  -2.2054e+03
  -1.2525e+03   1.2525e+03
  -9.8961e+02   9.8961e+02
  -4.5258e+02   4.5258e+02
  -1.3124e+03   1.3124e+03
   3.7645e+03  -3.7645e+03
  -5.0564e+03   5.0564e+03
  -1.3691e+03   1.3691e+03
   2.2407e+03  -2.2407e+03
   1.1555e+03  -1.1555e+03
  -9.4358e+02   9.4358e+02
  -9.4510e+01   9.4510e+01
   5.0941e+03  -5.0941e+03
  -4.7297e+03   4.7297e+03
   7.8720e+02  -7.8720e+02
   7.1422e+03  -7.1422e+03
   5.9615e+03  -5.9615e+03
  -1.7170e+02   1.7170e+02
  -5.5287e+03   5.5287e+03
   3.3536e+03  -3.3536e+03
  -2.9227e+03   2.9227e+03
   3.7204e+03  -3.7204e+03
  -4.9410e+03   4.9410e+03
   5.1950e+03  -5.1950e+03
  -5.3244e+03   5.3244e+03
   5.6213e+02  -5.6213e+02
  -3.7164e+03   3.7164e+03
   1.5964e+03  -1.5964e+03
   3.7734e+03  -3.7734e+03
  -4.3563e+03   4.3563e+03
   3.0296e+03  -3.0296e+03
   1.3071e+01  -1.3071e+01
   7.0882e+03  -7.0882e+03
   3.5538e+03  -3.5538e+03
   1.4555e+03  -1.4555e+03
   2.8524e+03  -2.8524e+03
  -6.5091e+03   6.5091e+03
   1.8428e+03  -1.8428e+03
   7.8031e+02  -7.8031e+02
   4.7610e+03  -4.7610e+03
  -2.3498e+03   2.3498e+03
  -2.1366e+03   2.1366e+03
  -2.8307e+03   2.8307e+03
   4.5195e+03  -4.5195e+03
   1.4541e+03  -1.4541e+03
  -1.9185e+03   1.9185e+03
  -2.3453e+03   2.3453e+03
  -2.7908e+03   2.7908e+03
  -9.1033e+02   9.1033e+02
  -5.6619e+01   5.6619e+01
   4.2462e+03  -4.2462e+03
  -1.8203e+03   1.8203e+03
  -1.6544e+03   1.6544e+03
   4.8713e+03  -4.8713e+03
  -4.6504e+02   4.6504e+02
   6.3351e+03  -6.3351e+03
   2.3726e+03  -2.3726e+03
   3.2073e+03  -3.2073e+03
   3.8856e+03  -3.8856e+03
   7.2652e+02  -7.2652e+02
  -2.4175e+03   2.4175e+03
   5.8027e+02  -5.8027e+02
  -6.9944e+02   6.9944e+02
   1.2400e+01  -1.2400e+01
  -1.7610e+03   1.7610e+03
   6.2666e+03  -6.2666e+03
  -8.0894e+02   8.0894e+02
  -1.2953e+02   1.2953e+02
   5.1654e+03  -5.1654e+03
  -1.6452e+03   1.6452e+03
  -4.4322e+03   4.4322e+03
   3.9630e+03  -3.9630e+03
   4.2741e+02  -4.2741e+02
  -2.5359e+03   2.5359e+03
   1.6958e+01  -1.6958e+01
   2.5969e+03  -2.5969e+03
   2.2113e+03  -2.2113e+03
   3.7169e+03  -3.7169e+03
  -4.1394e+03   4.1394e+03
  -3.2689e+03   3.2689e+03
  -1.1767e+03   1.1767e+03
  -1.0407e+03   1.0407e+03
   7.0569e+03  -7.0569e+03
  -2.2700e+03   2.2700e+03
  -5.6807e+03   5.6807e+03
  -2.9824e+03   2.9824e+03
  -4.7953e+03   4.7953e+03
   7.4907e+03  -7.4907e+03
  -1.8787e+03   1.8787e+03
   3.5206e+03  -3.5206e+03
   5.1276e+03  -5.1276e+03
   1.6195e+03  -1.6195e+03
  -3.5627e+03   3.5627e+03
  -2.5534e+02   2.5534e+02
   6.3460e+01  -6.3460e+01
   1.8388e+03  -1.8388e+03
   1.6533e+03  -1.6533e+03
   7.2446e+03  -7.2446e+03
  -3.1452e+03   3.1452e+03
   3.8126e+03  -3.8126e+03
  -1.8913e+03   1.8913e+03
   3.1138e+03  -3.1138e+03
   1.3958e+03  -1.3958e+03
  -4.5122e+03   4.5122e+03
   4.0233e+03  -4.0233e+03
   2.3185e+03  -2.3185e+03
   9.3497e+03  -9.3497e+03
   3.5955e+01  -3.5955e+01
   1.4386e+02  -1.4386e+02
  -3.6724e+02   3.6724e+02
  -1.6887e+03   1.6887e+03
  -1.9866e+03   1.9866e+03
   4.4659e+03  -4.4659e+03
  -4.1351e+03   4.1351e+03
  -1.6699e+03   1.6699e+03
  -4.9452e+03   4.9452e+03
  -3.2785e+02   3.2785e+02
  -2.6237e+03   2.6237e+03
  -4.2818e+03   4.2818e+03
  -5.0932e+03   5.0932e+03
   7.6482e+03  -7.6482e+03
  -3.8500e+03   3.8500e+03
   8.2664e+03  -8.2664e+03
   1.8333e+03  -1.8333e+03
   1.2351e+03  -1.2351e+03
  -4.0657e+03   4.0657e+03
   1.0198e+04  -1.0198e+04
   4.2491e+03  -4.2491e+03
   4.5395e+03  -4.5395e+03
   5.2763e+03  -5.2763e+03
  -5.2399e+03   5.2399e+03
   1.4945e+03  -1.4945e+03
   1.0043e+03  -1.0043e+03
  -7.5954e+03   7.5954e+03
  -3.7804e+03   3.7804e+03
   4.4426e+03  -4.4426e+03
  -2.5769e+03   2.5769e+03
   3.2020e+02  -3.2020e+02
  -8.7632e+03   8.7632e+03
   1.7050e+03  -1.7050e+03
   1.9204e+03  -1.9204e+03
  -8.8424e+03   8.8424e+03
   1.9866e+01  -1.9866e+01
  -5.1972e+03   5.1972e+03
  -2.6479e+03   2.6479e+03
   2.1568e+03  -2.1568e+03
  -1.1059e+03   1.1059e+03
   1.6840e+03  -1.6840e+03
   4.8355e+02  -4.8355e+02
   4.5941e+03  -4.5941e+03
  -7.6530e+03   7.6530e+03
  -1.0020e+04   1.0020e+04
   8.5626e+02  -8.5626e+02
   1.7941e+03  -1.7941e+03
  -1.7285e+03   1.7285e+03
   6.1680e+03  -6.1680e+03
   4.2448e+03  -4.2448e+03
  -5.0612e+03   5.0612e+03
  -6.2942e+03   6.2942e+03
  -8.7304e+03   8.7304e+03
   8.1064e+02  -8.1064e+02
   3.2369e+02  -3.2369e+02
   2.7338e+03  -2.7338e+03
   9.1772e+03  -9.1772e+03
  -1.0608e+03   1.0608e+03
  -2.0943e+03   2.0943e+03
  -5.6138e+02   5.6138e+02
  -1.7424e+03   1.7424e+03
  -6.0564e+01   6.0564e+01
  -9.7885e+02   9.7885e+02
  -3.5913e+02   3.5913e+02
   2.4273e+03  -2.4273e+03
  -5.7833e+02   5.7833e+02
   2.7081e+03  -2.7081e+03
   2.3235e+03  -2.3235e+03
  -6.4872e+03   6.4872e+03
   2.3902e+03  -2.3902e+03
   3.6365e+03  -3.6365e+03
  -1.4146e+04   1.4146e+04
  -1.9601e+03   1.9601e+03
  -5.1781e+02   5.1781e+02
   3.1551e+03  -3.1551e+03
  -2.0412e+03   2.0412e+03
  -4.9527e+02   4.9527e+02
   2.7636e+03  -2.7636e+03
  -9.8349e+02   9.8349e+02
  -1.3013e+03   1.3013e+03
   8.6170e+03  -8.6170e+03
  -3.8217e+03   3.8217e+03
   5.0726e+02  -5.0726e+02
  -1.0948e+04   1.0948e+04
  -4.1519e+03   4.1519e+03
   3.2993e+02  -3.2993e+02
   1.0901e+03  -1.0901e+03
  -4.0900e+03   4.0900e+03
  -1.1338e+03   1.1338e+03
  -4.6586e+03   4.6586e+03
  -3.5978e+03   3.5978e+03
   6.8481e+01  -6.8481e+01
   7.3115e+02  -7.3115e+02
   2.3321e+03  -2.3321e+03
   9.0024e+02  -9.0024e+02
  -3.0207e+03   3.0207e+03
   1.4938e+03  -1.4938e+03
   8.1661e+02  -8.1661e+02
  -1.8957e+02   1.8957e+02
  -8.0416e+02   8.0416e+02
   1.9697e+03  -1.9697e+03
  -3.0617e+03   3.0617e+03
  -9.2578e+02   9.2578e+02
  -7.2714e+03   7.2714e+03
  -1.5189e+03   1.5189e+03
   4.9808e+02  -4.9808e+02
  -5.1611e+02   5.1611e+02
  -2.7461e+03   2.7461e+03
   3.8626e+02  -3.8626e+02
  -2.0377e+03   2.0377e+03
  -1.2902e+03   1.2902e+03
   4.0228e+02  -4.0228e+02
  -3.0482e+03   3.0482e+03
  -2.0602e+02   2.0602e+02
   2.7180e+03  -2.7180e+03
   1.3553e+03  -1.3553e+03
  -1.7110e+03   1.7110e+03
   1.4310e+04  -1.4310e+04
   2.5654e+03  -2.5654e+03
  -3.6958e+03   3.6958e+03
   5.3229e+02  -5.3229e+02
   1.9515e+03  -1.9515e+03
  -4.6991e+02   4.6991e+02
   2.5663e+03  -2.5663e+03
   2.1189e+03  -2.1189e+03
   4.5811e+03  -4.5811e+03
   6.4790e+03  -6.4790e+03
   3.3218e+03  -3.3218e+03
  -2.2312e+03   2.2312e+03
   2.9209e+02  -2.9209e+02
   2.5806e+03  -2.5806e+03
  -2.3251e+03   2.3251e+03
  -1.4396e+03   1.4396e+03
   1.3337e+01  -1.3337e+01
  -9.2544e+01   9.2544e+01
   2.2414e+03  -2.2414e+03
  -1.9605e+03   1.9605e+03
  -6.4227e+03   6.4227e+03
   1.7465e+03  -1.7465e+03
  -9.0700e+02   9.0700e+02
   6.0502e+03  -6.0502e+03
  -3.1917e+03   3.1917e+03
  -4.6372e+02   4.6372e+02
  -5.9259e+03   5.9259e+03
  -4.0290e+03   4.0290e+03
  -1.8368e+03   1.8368e+03
   3.8266e+03  -3.8266e+03
   5.0150e+03  -5.0150e+03
  -2.4556e+03   2.4556e+03
   4.3059e+02  -4.3059e+02
  -4.9663e+02   4.9663e+02
   6.2950e+02  -6.2950e+02
  -1.1457e+03   1.1457e+03
   2.4238e+03  -2.4238e+03
  -4.7489e+02   4.7489e+02
  -5.9167e+03   5.9167e+03
   3.1471e+03  -3.1471e+03
  -3.4038e+02   3.4038e+02
  -3.2032e+03   3.2032e+03
   3.5186e+03  -3.5186e+03
   2.3633e+03  -2.3633e+03
  -2.5993e+03   2.5993e+03
  -1.1298e+02   1.1298e+02
   1.2137e+02  -1.2137e+02
   2.0322e+03  -2.0322e+03
  -4.5329e+03   4.5329e+03
  -1.1001e+02   1.1001e+02
   1.0877e+04  -1.0877e+04
  -5.7706e+03   5.7706e+03
   9.1617e+01  -9.1617e+01
   7.1489e+03  -7.1489e+03
   4.3821e+01  -4.3821e+01
  -9.1177e+03   9.1177e+03
   1.7311e+03  -1.7311e+03
   3.9558e+03  -3.9558e+03
   1.4518e+03  -1.4518e+03
  -4.1654e+02   4.1654e+02
  -3.9881e+03   3.9881e+03
  -4.5213e+03   4.5213e+03
  -8.5157e+03   8.5157e+03
   3.0220e+03  -3.0220e+03
   2.2159e+03  -2.2159e+03
   3.3784e+02  -3.3784e+02
  -3.4117e+03   3.4117e+03
   5.3609e+02  -5.3609e+02
  -1.6250e+03   1.6250e+03
  -4.9511e+03   4.9511e+03
  -5.4386e+03   5.4386e+03
  -1.5840e+03   1.5840e+03
   7.6900e+02  -7.6900e+02
   1.0074e+03  -1.0074e+03
  -2.5005e+03   2.5005e+03
  -4.1757e+03   4.1757e+03
   6.6505e+03  -6.6505e+03
   3.5512e+03  -3.5512e+03
   2.8830e+03  -2.8830e+03
  -1.0391e+04   1.0391e+04
  -1.1052e+03   1.1052e+03
  -4.2411e+03   4.2411e+03
   1.3385e+02  -1.3385e+02
   1.4293e+03  -1.4293e+03
   3.7704e+03  -3.7704e+03
  -4.3973e+02   4.3973e+02
   1.5726e+03  -1.5726e+03
  -5.1669e+03   5.1669e+03
  -1.9673e+03   1.9673e+03
  -3.7322e+03   3.7322e+03
  -4.9252e+03   4.9252e+03
   3.4011e+03  -3.4011e+03
   1.6612e+03  -1.6612e+03
   2.6258e+03  -2.6258e+03
   5.4630e+03  -5.4630e+03
  -4.1479e+02   4.1479e+02
   3.8398e+03  -3.8398e+03
   5.9024e+02  -5.9024e+02
  -1.7709e+03   1.7709e+03
   6.1650e+03  -6.1650e+03
  -2.8305e+03   2.8305e+03
   4.9092e+03  -4.9092e+03
  -1.3903e+03   1.3903e+03
   9.4534e+02  -9.4534e+02
  -8.7219e+02   8.7219e+02
   6.3886e+03  -6.3886e+03
  -5.3875e+03   5.3875e+03
   2.0609e+03  -2.0609e+03
  -3.2311e+03   3.2311e+03
   7.7698e+03  -7.7698e+03
   7.5473e+02  -7.5473e+02
   3.7689e+03  -3.7689e+03
   5.7434e+01  -5.7434e+01
  -6.5162e+02   6.5162e+02
   2.1560e+03  -2.1560e+03
  -2.3762e+03   2.3762e+03
  -3.6062e+03   3.6062e+03
   2.5023e+03  -2.5023e+03
  -2.1486e+03   2.1486e+03
   9.0879e+02  -9.0879e+02
  -1.4357e+03   1.4357e+03
  -3.3573e+03   3.3573e+03
   1.5739e+03  -1.5739e+03
  -1.7049e+02   1.7049e+02
   1.4745e+03  -1.4745e+03
   1.0391e+03  -1.0391e+03
  -1.1533e+03   1.1533e+03
  -1.6018e+03   1.6018e+03
  -3.1559e+03   3.1559e+03
   1.5197e+03  -1.5197e+03
  -9.4357e+02   9.4357e+02
   6.9924e+02  -6.9924e+02
  -1.6680e+03   1.6680e+03
   2.9247e+03  -2.9247e+03
   3.4614e+02  -3.4614e+02
   2.3784e+03  -2.3784e+03
  -1.8748e+02   1.8748e+02
  -1.3222e+03   1.3222e+03
  -7.3102e+02   7.3102e+02
  -1.4892e+03   1.4892e+03
  -5.6199e+03   5.6199e+03
  -2.7272e+03   2.7272e+03
   2.9364e+01  -2.9364e+01
   3.6935e+03  -3.6935e+03
  -2.6282e+03   2.6282e+03
  -3.1263e+03   3.1263e+03
   1.3845e+03  -1.3845e+03
  -3.9226e+02   3.9226e+02
   5.0845e+03  -5.0845e+03
   2.5497e+03  -2.5497e+03
   7.4106e+03  -7.4106e+03
  -1.1701e+03   1.1701e+03
   3.0989e+03  -3.0989e+03
  -5.0819e+03   5.0819e+03
   1.3876e+03  -1.3876e+03
   1.0313e+02  -1.0313e+02
   4.0131e+02  -4.0131e+02
  -6.5654e+02   6.5654e+02
   8.8519e+02  -8.8519e+02
  -4.6583e+03   4.6583e+03
  -2.7480e+03   2.7480e+03
  -1.9701e+03   1.9701e+03
   3.2454e+03  -3.2454e+03
  -9.0076e+02   9.0076e+02
  -3.3345e+03   3.3345e+03
   1.1013e+03  -1.1013e+03
  -3.8398e+03   3.8398e+03
  -4.9219e+03   4.9219e+03
  -4.1078e+03   4.1078e+03
  -8.0812e+02   8.0812e+02
   3.4164e+03  -3.4164e+03
  -1.6939e+03   1.6939e+03
  -6.4704e+02   6.4704e+02
  -1.5231e+02   1.5231e+02
   6.7403e+03  -6.7403e+03
  -1.0723e+03   1.0723e+03
   1.8737e+03  -1.8737e+03
   1.4415e+03  -1.4415e+03
   2.3872e+03  -2.3872e+03
   6.0901e+03  -6.0901e+03
  -1.3275e+02   1.3275e+02
   8.8453e+02  -8.8453e+02
  -6.5334e+03   6.5334e+03
   1.6537e+03  -1.6537e+03
  -7.0655e+02   7.0655e+02
   1.7304e+03  -1.7304e+03
  -4.1943e+03   4.1943e+03
  -4.2483e+03   4.2483e+03
  -5.6930e+03   5.6930e+03
   2.3693e+02  -2.3693e+02
   4.5015e+03  -4.5015e+03
   3.9414e+02  -3.9414e+02
   3.6943e+02  -3.6943e+02
  -1.5256e+03   1.5256e+03
   2.9079e+02  -2.9079e+02
  -4.2951e+03   4.2951e+03
  -5.3562e+03   5.3562e+03
  -4.8323e+03   4.8323e+03
  -2.5539e+03   2.5539e+03
   1.6865e+03  -1.6865e+03
   2.2351e+03  -2.2351e+03
   4.4433e+03  -4.4433e+03
   2.5166e+03  -2.5166e+03
   3.6601e+03  -3.6601e+03
   3.8957e+02  -3.8957e+02
  -3.6917e+03   3.6917e+03
   1.1322e+03  -1.1322e+03
  -9.9818e+02   9.9818e+02
   1.9519e+03  -1.9519e+03
  -3.7037e+03   3.7037e+03
  -1.9934e+03   1.9934e+03
   2.4426e+03  -2.4426e+03
  -6.0220e+03   6.0220e+03
  -3.2952e+02   3.2952e+02
  -2.5461e+03   2.5461e+03
   4.7589e+03  -4.7589e+03
  -6.9355e+02   6.9355e+02
  -1.2680e+02   1.2680e+02
  -2.5889e+03   2.5889e+03
   1.8774e+03  -1.8774e+03
  -1.4415e+03   1.4415e+03
   3.4120e+03  -3.4120e+03
  -8.7166e+02   8.7166e+02
   2.0188e+02  -2.0188e+02
   4.1308e+03  -4.1308e+03
  -2.6152e+02   2.6152e+02
   2.5292e+03  -2.5292e+03
  -3.1566e+03   3.1566e+03
  -4.9401e+03   4.9401e+03
   6.1695e+03  -6.1695e+03
   4.6038e+03  -4.6038e+03
   3.3749e+02  -3.3749e+02
  -1.8052e+03   1.8052e+03
   7.6252e+03  -7.6252e+03
   1.1483e+03  -1.1483e+03
   3.8451e+03  -3.8451e+03
   5.2098e+03  -5.2098e+03
  -3.7076e+03   3.7076e+03
  -6.4072e+03   6.4072e+03
  -3.9560e+03   3.9560e+03
   2.4173e+03  -2.4173e+03
  -1.1649e+03   1.1649e+03
   6.2457e+03  -6.2457e+03
   1.0767e+03  -1.0767e+03
  -3.9994e+03   3.9994e+03
  -3.4142e+02   3.4142e+02
  -6.7266e+03   6.7266e+03
   5.5710e+03  -5.5710e+03
  -2.5819e+03   2.5819e+03
   9.3412e+03  -9.3412e+03
  -7.9186e+02   7.9186e+02
  -9.4903e+02   9.4903e+02
   3.9120e+03  -3.9120e+03
   4.0798e+03  -4.0798e+03
  -1.1364e+03   1.1364e+03
  -6.6732e+03   6.6732e+03
  -5.0029e+03   5.0029e+03
  -6.3138e+03   6.3138e+03
   2.7694e+03  -2.7694e+03
   2.3602e+02  -2.3602e+02
  -5.4098e+03   5.4098e+03
  -3.4777e+03   3.4777e+03
   4.7044e+03  -4.7044e+03
  -8.9995e+02   8.9995e+02
  -1.1039e+02   1.1039e+02
   1.4503e+03  -1.4503e+03
  -2.6662e+03   2.6662e+03
  -3.8915e+03   3.8915e+03
  -4.5515e+03   4.5515e+03
  -3.6308e+03   3.6308e+03
  -4.8027e+03   4.8027e+03
  -2.7533e+03   2.7533e+03
  -3.9454e+03   3.9454e+03
  -6.5054e+03   6.5054e+03
  -3.2227e+02   3.2227e+02
  -4.9089e+03   4.9089e+03
  -6.5471e+03   6.5471e+03
   4.3605e+03  -4.3605e+03
  -5.7666e+03   5.7666e+03
   2.4004e+03  -2.4004e+03
   7.0225e+03  -7.0225e+03
  -2.1197e+03   2.1197e+03
  -3.7073e+03   3.7073e+03
  -5.1736e+03   5.1736e+03
  -2.6285e+03   2.6285e+03
  -1.0653e+03   1.0653e+03
   1.9663e+03  -1.9663e+03
   2.0716e+03  -2.0716e+03
   1.9569e+03  -1.9569e+03
  -3.1632e+03   3.1632e+03
  -2.3666e+03   2.3666e+03
   2.1224e+03  -2.1224e+03
   2.7163e+03  -2.7163e+03
  -1.2868e+03   1.2868e+03
   4.0935e+02  -4.0935e+02
   1.0752e+03  -1.0752e+03
   1.2365e+03  -1.2365e+03
  -2.6970e+03   2.6970e+03
   2.8622e+03  -2.8622e+03
  -1.6227e+03   1.6227e+03
  -5.2489e+03   5.2489e+03
  -6.1527e+02   6.1527e+02
  -2.3811e+02   2.3811e+02
  -6.9395e+03   6.9395e+03
   5.4633e+02  -5.4633e+02
  -5.2949e+02   5.2949e+02
   8.5710e+02  -8.5710e+02
  -1.1175e+02   1.1175e+02
   3.7605e+01  -3.7605e+01
  -1.0183e+02   1.0183e+02
  -3.7799e+02   3.7799e+02
   4.7221e+03  -4.7221e+03
   5.3219e+03  -5.3219e+03
  -2.5172e+03   2.5172e+03
  -3.4382e+03   3.4382e+03
   4.4596e+03  -4.4596e+03
   2.5152e+03  -2.5152e+03
   3.7816e+03  -3.7816e+03
  -2.3168e+03   2.3168e+03
   2.0972e+03  -2.0972e+03
   1.2688e+03  -1.2688e+03
  -1.2484e+03   1.2484e+03
   2.9807e+03  -2.9807e+03
  -1.2199e+03   1.2199e+03
  -3.5056e+03   3.5056e+03
  -1.4687e+03   1.4687e+03
  -1.3383e+03   1.3383e+03
   3.6340e+03  -3.6340e+03
  -1.1386e+03   1.1386e+03
   2.2340e+02  -2.2340e+02
  -6.4148e+02   6.4148e+02
   3.6253e+02  -3.6253e+02
  -4.8715e+03   4.8715e+03
   2.0173e+03  -2.0173e+03
  -5.7043e+02   5.7043e+02
   3.2511e+03  -3.2511e+03
  -7.2055e+02   7.2055e+02
  -4.3403e+03   4.3403e+03
  -2.6124e+03   2.6124e+03
  -4.2611e+03   4.2611e+03
   9.3121e+02  -9.3121e+02
  -2.7626e+03   2.7626e+03
   1.7417e+03  -1.7417e+03
   1.3627e+03  -1.3627e+03
  -3.6483e+03   3.6483e+03
  -2.4341e+03   2.4341e+03
  -4.5454e+02   4.5454e+02
  -4.8240e+03   4.8240e+03
   4.2858e+03  -4.2858e+03
  -3.1484e+03   3.1484e+03
  -6.4831e+03   6.4831e+03
  -1.2073e+03   1.2073e+03
  -3.0874e+02   3.0874e+02
  -2.7907e+03   2.7907e+03
  -2.6203e+03   2.6203e+03
  -2.8284e+02   2.8284e+02
  -8.0978e+03   8.0978e+03
  -4.6586e+01   4.6586e+01
  -7.7947e+03   7.7947e+03
  -5.4245e+03   5.4245e+03
  -3.5441e+03   3.5441e+03
   9.5694e+02  -9.5694e+02
  -3.7045e+03   3.7045e+03
   1.7875e+02  -1.7875e+02
  -2.7070e+03   2.7070e+03
   7.5642e+03  -7.5642e+03
   1.2588e+04  -1.2588e+04
  -5.2406e+03   5.2406e+03
  -3.0194e+03   3.0194e+03
  -1.1078e+04   1.1078e+04
   5.0564e+03  -5.0564e+03
   5.9376e+03  -5.9376e+03
   9.4617e+03  -9.4617e+03
   3.1295e+02  -3.1295e+02
  -7.1744e+03   7.1744e+03
   4.7630e+03  -4.7630e+03
  -5.9974e+03   5.9974e+03
  -3.0677e+03   3.0677e+03
  -3.2560e+03   3.2560e+03
  -1.4997e+03   1.4997e+03
  -2.3496e+03   2.3496e+03
   7.7569e+02  -7.7569e+02
  -1.7102e+03   1.7102e+03
   2.1527e+03  -2.1527e+03
  -2.3794e+02   2.3794e+02
   2.7144e+03  -2.7144e+03
   4.1094e+03  -4.1094e+03
  -8.1650e+03   8.1650e+03
  -5.0650e+03   5.0650e+03
  -1.0251e+03   1.0251e+03
  -2.3663e+03   2.3663e+03
   4.0942e+03  -4.0942e+03
   6.8110e+03  -6.8110e+03
  -3.4170e+03   3.4170e+03
  -2.0858e+03   2.0858e+03
  -6.2460e+03   6.2460e+03
  -2.6508e+03   2.6508e+03
   5.1559e+03  -5.1559e+03
   3.3961e+03  -3.3961e+03
  -2.9261e+03   2.9261e+03
   1.4366e+03  -1.4366e+03
  -6.7648e+03   6.7648e+03
   2.0042e+03  -2.0042e+03
   9.6031e+02  -9.6031e+02
  -3.1795e+03   3.1795e+03
   2.2580e+02  -2.2580e+02
  -4.3540e+03   4.3540e+03
   2.8201e+02  -2.8201e+02
  -2.7690e+03   2.7690e+03
   6.4154e+03  -6.4154e+03
  -2.8374e+03   2.8374e+03
   2.2585e+03  -2.2585e+03
  -2.4204e+03   2.4204e+03
   3.0664e+02  -3.0664e+02
  -2.6879e+03   2.6879e+03
   4.9989e+02  -4.9989e+02
   1.5072e+03  -1.5072e+03
  -1.9858e+03   1.9858e+03
  -3.9319e+03   3.9319e+03
   1.9103e+03  -1.9103e+03
  -9.6651e+02   9.6651e+02
   1.5864e+03  -1.5864e+03
   1.7497e+03  -1.7497e+03
  -5.6531e+03   5.6531e+03
  -6.0762e+03   6.0762e+03
  -2.7528e+01   2.7528e+01
  -5.2449e+03   5.2449e+03
  -4.8381e+03   4.8381e+03
   5.4025e+03  -5.4025e+03
  -2.4378e+03   2.4378e+03
   4.1487e+03  -4.1487e+03
   1.5261e+03  -1.5261e+03
   5.1045e+03  -5.1045e+03
  -1.6515e+03   1.6515e+03
  -2.6675e+02   2.6675e+02
   1.5096e+03  -1.5096e+03
  -3.5928e+03   3.5928e+03
   1.0531e+03  -1.0531e+03
   9.7188e+03  -9.7188e+03
  -2.1255e+03   2.1255e+03
   5.0371e+03  -5.0371e+03
   5.6978e+03  -5.6978e+03
  -3.9071e+03   3.9071e+03
  -2.2228e+02   2.2228e+02
  -4.5035e+03   4.5035e+03
   5.8625e+03  -5.8625e+03
  -2.5974e+03   2.5974e+03
   9.4415e+02  -9.4415e+02
   5.0918e+03  -5.0918e+03
   5.1266e+03  -5.1266e+03
   3.5261e+03  -3.5261e+03
   1.3699e+03  -1.3699e+03
   1.5940e+03  -1.5940e+03
  -1.0216e+02   1.0216e+02
  -4.5892e+03   4.5892e+03
   4.1919e+03  -4.1919e+03

