[?1034hw =

 Columns 1 through 7:

  -13227440  -13224090  -13229480  -13215480  -13218620  -13231430  -13232890
   -1086850   -1076160   -1075600   -1076220   -1075770   -1073840   -1072520
    -218530    -221150    -215350    -213340    -222150    -213140    -211250
    -285080    -267630    -264040    -260420    -267250    -268330    -274090
     -64580     -55540     -55960     -57620     -57230     -53580     -52490
    -904080    -908970    -907440    -907680    -906980    -908390    -910050
    -492460    -503230    -505160    -499820    -502290    -501430    -485640
     -72660     -64250     -63720     -64810     -65110     -63850     -63350
     -63980     -53160     -52960     -62170     -65500     -52010     -50450
    -351820    -343500    -341590    -342890    -341090    -343710    -323090
     -31360     -28330     -27830     -30980     -32670     -30070     -27640
    -473980    -462100    -462090    -463380    -464720    -458260    -456930
    -156010    -132930    -152330    -156690    -162740    -153510    -129500
     -97770     -67000    -101280    -100430     -86110      40720     -82120
    -186270    -197010    -188360    -137750    -156860    -187190    -168590
    -454620    -463650    -462430    -466300    -464830    -463610    -464470
    -494890    -490930    -495190    -495240    -496910    -492290    -491490
    -293260    -290070    -290270    -294810    -292130    -285990    -289210
    -313970    -311360    -312640    -311960    -314160    -310580    -308580
   -1246620   -1258880   -1260140   -1261080   -1261120   -1259180   -1258170
    -662740    -670340    -670070    -671660    -672410    -669650    -669230
    -650770    -638900    -635980    -637420    -639260    -638290    -634800
    -539970    -546060    -541540    -562930    -466270    -547550    -534910
    -525390    -544160    -548580    -549080    -552170    -549880    -545500
   -1099150   -1081190   -1101570   -1078840   -1082370   -1082600   -1087150
    -138390    -126310    -128620    -105010    -139450    -129080    -126220
    -121010    -117130    -115720    -113370    -121590    -112810    -107320
   -1192940   -1191980   -1191260   -1193420   -1194570   -1191810   -1195550
    -451880    -472160    -472000    -468270    -471820    -471270    -469940
    -848190    -840980    -836910    -794530    -857160    -831400    -844960
   -1230810   -1224300   -1226310   -1224590   -1224440   -1216630   -1221000
    -247110    -240520    -241380    -242420    -238360    -240500    -236590
    -211210    -208920    -205610    -213940    -210870    -209390    -201760
    -199090    -181810    -180860    -180600    -180880    -179310    -179060
    -550010    -543840    -544660    -543980    -544700    -546280    -545040
    -110210    -103420     -99740    -105610     -98550     -99280     -80750
    -151560    -154470    -162570    -180170    -144530    -162190     -20850
    -221320    -228250    -224370    -221320    -224880    -180330    -223950
     -31500     -22420     -22670     -22990     -22980     -22370     -21050
     -20330     -20470     -18960     -22110     -20380     -19520     -20350
    -478010    -474090    -488310    -476640    -471680    -465950    -487490
    -123470    -121810    -113680    -113440    -115870    -111130    -110120
    -663300    -662450    -661210    -663170    -659480    -662230    -640050
   -1892300   -1905300   -1905890   -1905330   -1905720   -1904750   -1903720
    -334440    -338560    -338340    -339660    -339980    -338710    -337910
    -448920    -430440    -432770    -440790    -435400    -441890    -441810
     -74330     -74720     -72560     -70190     -74020     -69960     -69110
  -10183210  -10205710  -10197610  -10206550  -10204170  -10201680  -10205230
      17790     -81250     -80720     -85250     -87120     -75780     -74960
     -69920     -87740     -85600     -90670     -85770     -83570     -83300
    -256670    -254430    -251750    -251880    -258220    -251180    -248800
     -50820     -39470     -37390     -39210     -38240     -38820     -38130
     -60370     -31110     -27890     -28970     -32800     -25040     -25450
    -514310    -549200    -549040    -549760    -547520    -548800    -545850
    -135940    -109760    -111260    -109170    -112420    -101070    -105390
    -464170    -482230    -482940    -485110    -484960    -484110    -477930
    -417520    -449310    -450970    -448030    -450590    -448800    -450360
    -546250    -503620    -516260    -543500    -553170    -531950    -548950
     -76040    -123220    -121350    -123330    -122970    -122430    -121520
    -117250     -95480     -97030    -100370    -102630     -88320     -86270
    -106970     -31040    -127580    -124200    -126490    -125770    -119930
    -452740    -464730    -464750    -465380    -465980    -464030    -462590
     -62440     -69240     -68860     -71870     -72160     -63090     -78140
    -364080    -362840    -352470    -363330    -356520    -273310    -362140
   -1108230   -1108410   -1101090   -1078310   -1090100   -1109220   -1089860
    -523530    -519220    -508390    -477070    -484700    -509640    -502110
    -188780    -189460    -189680    -195750    -196460    -188890    -187830
    -475140    -477360    -454530    -452220    -450020    -470200    -451470
    -908610    -889580    -883070    -910420    -909370    -881710    -905580
    -127920    -136200    -133230    -140690    -142660    -138070    -130040
    -597500    -594360    -597710    -599220    -597030    -593330    -596810
   -4991860   -4998780   -4998540   -4999910   -4998120   -4998990   -4998590
     -59970     -52980     -54050     -59040     -63340     -52740     -36840
    -410020    -405380    -408770    -380280    -395700    -409470    -408560
    -135760    -161990    -158340    -160920    -161930    -155700    -154490
    -598070    -596450    -602150    -582000    -606640    -586710    -583450
    -123070    -119540    -113730    -126160    -124890    -124060    -121580
     -97130     -84340     -80620     -93200     -90650     -81450     -66190
    -201710    -191710    -196080    -187880    -185770    -191240    -189080
    -481200    -476030    -469520    -473820    -481770    -471690    -475820
   -8480530   -8475980   -8480580   -8478470   -8479860   -8479220   -8480000
    -295960    -271930    -271440    -272940    -268520    -269740    -274450
    -211720    -213160    -212620    -215700    -219590    -213890    -209570
    -280320    -289190    -289050    -291250    -292160    -286580    -286950
     -70390     -57030     -56000     -56940     -56830     -56210     -54670
   -2269270   -2282450   -2282580   -2271930   -2275100   -2281160   -2278350
    -459670    -459200    -456430    -455230    -462450    -456850    -459220
    -920570    -903970    -824980    -905740    -929740    -890770    -918200
    -244630    -251340    -250450    -252020    -249920    -244910    -253250
    -480940    -474380    -490940    -535000    -421580    -511290    -507600
    -220750    -212140    -233200    -233640    -218750    -224560     -60470
    -546150    -555430    -566200    -571010    -565470    -563180    -560450
    -315720    -193720    -313750    -322440    -317300    -293940    -304220
    -927930    -925980    -910250    -888600    -911540    -929480    -916060
     -35930     -33300     -34660     -36400     -36260     -32360     -32040
     -23300     -16620     -15420     -17120     -16990     -16550     -16330
    -830130    -849140    -846890    -846980    -844420    -847110    -845350
     -39230     -26330     -26080     -27270     -26420     -25200     -23950
    -437900    -445380    -418230    -435290    -431320    -419300    -437930
     -47560     -48390     -41310     -42080     -44300     -36610     -34350
     -28170     -21900     -21180     -22810     -22680     -20640     -20070

 Columns 8 through 14:

  -13237820  -13248700  -13233200  -13244930  -13238430  -13218450  -13230180
   -1077820   -1076850   -1076230   -1074270   -1063860   -1080370   -1084830
    -211620    -209970    -209170    -212320    -161400    -209700    -224660
    -285610    -268840    -272910    -270150    -272080    -264130    -273020
     -56790     -51490     -57060     -51930     -57700     -61070     -60980
    -906390    -906650    -908230    -908560    -898490    -900890    -910800
    -500990    -494910    -461400    -456850    -501420    -502050    -505380
     -65870     -58220     -71130     -68870     -63160     -65890     -66200
     -49530     -50760     -50810     -48240      67490     -79940     -58520
    -343370    -342120    -317150    -322270    -341360    -335560    -343600
     -28480     -26990     -28780     -26910      30880     -37760     -28950
    -463330    -456790    -462900    -459420    -459800    -468780    -470470
    -154190    -148260    -115610    -104630    -148110    -145960    -158260
     -80460     -77600     -82620     -76640     -85210     -90250     -82300
    -186580    -183650    -180690    -184280    -181740    -192610    -185800
    -463390    -464730    -464960    -462650    -465160    -466820    -469770
    -490650    -490940    -493150    -490020    -487540    -501910    -495730
    -287980    -284670    -289410    -283110    -287640    -288070    -292220
    -312690    -310380    -318090    -308440    -314730    -312300    -314050
   -1259920   -1259440   -1260640   -1259670   -1260130   -1260180   -1251120
    -670710    -670730    -673660    -668240    -670290    -670900    -674440
    -633560    -634250    -640110    -635300    -635470    -640330    -629490
    -541660    -537470    -544860    -534350    -528470    -535820    -536310
    -547890    -545620    -550360    -549820    -552170    -540290    -554270
   -1094580   -1095400   -1096950   -1096550   -1095990   -1082580   -1088830
    -126510    -123680     -88490     -89300    -127190    -125460    -134800
    -110880    -111970     -32590     -36800    -109140    -126110    -116400
   -1196950   -1193950   -1196920   -1197280   -1192350   -1177610   -1187430
    -471570    -469680    -474650    -469420    -472870    -472030    -474590
    -843030    -839420    -843660    -842480    -846560    -823480    -837180
   -1213620   -1220120   -1195570   -1218740   -1221700   -1224480   -1201540
    -244340    -233600    -241960    -235890    -241300    -248700    -250900
    -202470    -201710    -147210    -142100    -204770    -216500    -208000
    -179180    -176510    -176990    -178630    -180800    -181340    -181130
    -543330    -546530    -543240    -544410    -547710    -537620    -543830
     -98750     -91760      -2240     -85420    -100460    -111720    -104630
    -137520    -133280    -144260    -143020    -161830    -147030    -118630
    -199310    -215160    -217320    -212840    -179160    -222450    -217730
     -42180     -22440     -23220     -21550     -22510     -23930     -25730
     -19790     -18320     -75420      78340     -19240     -22320     -21310
    -484860    -488930    -487080    -484970    -487950    -472770    -471060
    -116210    -111010     -52830     -62480    -114730    -114470    -112460
    -566170    -645150    -662650    -655100    -658480    -624260    -664250
   -1904990   -1904350   -1905600   -1903370   -1906320   -1906180   -1906520
    -341250    -337700    -346190    -337520    -339810    -340400    -350830
    -435140    -441230    -422290    -403600    -437380    -424740    -432370
     -62990     -59340     -66000     -59970      50530     -67520     -68730
  -10197100  -10194310  -10193640  -10199120  -10194770  -10196780  -10205700
     -87030     -79620     -86030     -76050     -85680     -98510    -109880
     -82710     -82090     -86460     -76920     -82490     -92520     -88810
    -247500    -248740    -254750    -249880    -251460    -253590    -253610
     -36110     -38100     -42100     -37960     -38960     -39810     -44120
     -23240     -21610     -26710     -22840     -25030     -27680     -29670
    -546630    -546970    -550750    -546570    -552810    -548570    -556430
    -105440    -104700    -109920    -102970    -110560    -115730    -116720
    -481910    -483060    -484830    -483670    -480730    -483570    -484130
    -451590    -452310    -449080    -450600    -451730    -455160    -449860
    -545900    -541910    -546860    -543060    -542850    -550180    -548650
    -122470    -121260    -121070    -119950    -121450    -119390    -120460
     -78710       5580    -100360     -91490     -98760     -99150    -103370
    -119290    -116330    -123360    -118660     -50040    -131710    -127920
    -464150    -461130    -464410    -462160    -463310    -468310    -470880
     -67380     -65680     -19190     -31210     -66210     -81260     -70950
    -350850    -351750    -357520    -354550    -366520    -375050    -357130
   -1094710   -1095000   -1104850   -1103810   -1104960   -1101920   -1106210
    -511250    -513280    -513820    -510230    -515060    -506520    -520950
     -92800    -181970    -194330    -183840    -191580    -181520    -197790
    -468690    -467560    -470600    -467690    -463200    -451330    -472060
    -907630    -904150    -908540    -905200    -900510    -909970    -907620
    -134800    -126620     -63890     -88830    -132930    -136880    -139270
    -594740    -591790    -597830    -592240    -601130    -600630    -601330
   -4997860   -4997460   -4999140   -4998080   -4994350   -4998450   -4986270
     -51860     -50260     -88930      84520     -53180     -56840     -57340
    -406530    -402570    -407650    -404780    -391740    -359850    -412380
    -159300    -150290    -165280    -149490    -158750    -165540    -160510
    -598530    -599750    -599840    -599310    -589620    -602770    -602220
     -86800      61720    -123680    -113090    -107660    -115080    -116370
     -88940      64310     -84840     -81730     -88010     -99890     -76520
    -187590    -188060    -191940    -188300    -198220    -189560    -197040
    -473090    -468970    -472170    -467940    -422710    -456250    -467020
   -8474970   -8476820   -8476040   -8477270   -8479420   -8478700   -8462720
    -272420    -272000    -241860    -278750    -273860    -272230    -272060
    -212220    -207030    -208570    -208160    -213500    -216820    -219400
    -286810    -289830    -290670    -289480    -287050    -292680    -299470
     -57940     -56330     -62500     -54500     -63150     -58760     -58230
   -2280780   -2280480   -2285010   -2280920   -2283170   -2278610   -2277270
    -457830    -457780    -462940    -453780    -444670    -468440    -464930
    -912820    -912360    -917110    -911160    -915820    -927480    -916350
    -256030    -247110    -252710    -253280    -256530    -254080    -253130
    -495710    -492700    -496600    -494850    -494000    -510570    -494800
    -216850    -210590    -236100    -229610    -213170    -221280    -202950
    -565370    -559160    -569690    -559600    -563110    -564150    -568310
    -303530    -304220    -313680    -311520    -313450    -318070    -307090
    -925000    -923340    -927810    -924780    -924780    -927190    -931440
     -30580     -27270     -69950      88530     -31090     -38540     -33300
     -25000     -15010     -18260     -15010     -15690     -16980     -19520
    -847530    -845710    -849060    -846070    -841290    -852500    -822510
     -23730     -24190     -27670     -23950     -25520     -29430     -30760
    -427130    -423750    -422540    -419640    -422060    -429770    -430740
     -40540     -41210     -41670     -36840      63620     -44390     -44100
     -20390     -18910     -23260     -19200     -20750     -23480     -22040

 Columns 15 through 20:

  -13233250  -13222020  -13225350  -13242010  -13225670  -13243530
   -1072310   -1077020   -1057040   -1076830   -1053420   -1076640
    -215910    -211450    -196640    -199680    -225470    -214080
    -259430    -263300    -205420    -278720    -249700    -270450
     -56550     -58230     -64700        910      -6980     -57980
    -909720    -908490    -899190    -908880    -896680    -905720
    -502540    -509070    -500820    -499340    -504140    -494060
     -64500     -62600     -78030      44890     -56370     -54670
     -29590     -57670     -60250     -54330     -82100     -55280
    -341470    -344880    -345360    -339370    -349980    -345730
     -29320     -29380     -27790     -28440     -29530     -32300
    -461290    -467110    -416890    -458470    -459900    -437810
    -164970    -151720    -151790    -150500    -157190    -149730
     -86990     -98670     -82570     -80110     -99530     -71200
    -181780    -185930    -186620    -182640    -188700    -185070
    -466740    -478020    -467900    -467980    -455440    -444990
    -492230    -494370    -489070    -480270    -467050    -487620
    -293100    -292560    -253420    -291450    -280100    -262030
    -312750    -306220    -317260    -261740    -304360    -306500
   -1261210   -1262620   -1272850   -1260360   -1250010   -1240200
    -671300    -668670    -666900    -680060    -673140    -659680
    -637720    -634780    -623700    -634900    -623620    -632930
    -539590    -549220    -553490    -542910    -549810    -506330
    -515090    -552780    -554140    -541820    -558330    -532090
   -1083000   -1091680   -1096430   -1094030   -1099030   -1096870
    -114470    -128810    -121050    -127290    -138320    -135400
    -116970    -112570    -118390    -114010    -125880    -121200
   -1194160   -1193900   -1196230   -1192800   -1194720   -1192740
    -473280    -445820    -473550    -470030    -490370    -433710
    -839780    -843390    -843790    -841990    -844500    -841490
   -1213130   -1218140   -1217370   -1218300   -1222880   -1229910
    -242170    -255720    -161040    -221800    -242670    -231780
    -195720    -210360    -209250    -201720    -215640    -194820
    -185070    -129600    -181810    -191000    -198270    -139850
    -546120    -541050    -528060    -546590    -542170    -548480
    -101490    -102460    -108000     -97060    -110290     -96320
    -149110    -146030    -142890    -138850    -144950    -142350
    -219390    -217990    -218010    -216050    -222130    -219010
     -23050     -26090     -27270      44330     -19110     -25330
     -20800     -21010     -21090     -19070     -20100     -17460
    -417350    -486230    -488240    -487640    -487530    -499890
     -92130    -115060    -118660    -113450    -133860    -118810
    -664860    -662380    -666910    -656470    -659130    -654730
   -1907920   -1890820   -1907210   -1903360   -1910050   -1899560
    -341850    -304010    -346060    -339830    -330130    -341290
    -441130    -435980    -456740    -438780    -432930    -430190
     -67690     -67680     -55090     -64250     -76680     -66310
  -10192470  -10201010  -10197280  -10196700  -10184360  -10187380
    -100320     -90390     -93300     -83860    -135610      -2710
      33360     -91470     -86760     -84350     -95320     -89950
    -254550    -217710    -253810    -246220    -257420    -220060
     -43210     -41980     -46380      18240     -35410     -42560
     -30590     101910     -28730     -26450     -35340     -69670
    -554770    -554780    -544900    -542600    -560510    -531990
    -104020     -63150    -119080    -109870    -123900     -84350
    -481550    -479830    -487720    -467870    -463970    -487580
    -449370    -445470    -456820    -432920    -441880    -439580
    -545420    -545230    -548760    -543490    -550400    -544120
    -120560    -120450    -130040     -71170    -138000    -138250
     -93010     -97040     -99140     -98370     -92580    -102230
    -112570    -126980    -126900    -118160    -127950    -124330
    -467500    -451240    -471480    -466070    -475030    -445580
     -80060     -71690     -69750     -68460     -78320     -74940
    -366380    -362190    -358990    -353530    -367070    -360090
   -1106750   -1107300   -1103430   -1101380   -1107750   -1100580
    -515800    -514980    -518290    -512430    -521360    -514850
    -191970    -199050    -190300    -187650    -205200    -195340
    -466540    -461320    -467130    -467330    -468360    -469750
    -910740    -909820    -905650    -906150    -908950    -906440
    -137100    -138160    -152210    -125280    -142960    -123600
    -589700    -598630    -583520    -583700    -589230    -592750
   -4998580   -4995900   -4994390   -4997420   -4983710   -4998120
     -54660     -56280     -57640     -47240     -65930     -56640
    -408410    -407810    -408820    -404500    -420840    -412450
    -163320    -169790    -166070     -53840    -124920    -159970
    -602870    -599190    -602770    -596810    -601250    -597250
    -113800    -116900    -121960    -110570    -143780    -117950
     -89030     -86540     -92320     -81960    -105280     -92790
    -193680    -191690    -181430    -200790    -168740    -184810
    -474250    -475960    -478120    -470880    -484810    -469720
   -8478950   -8478180   -8474020   -8475250   -8463490   -8478760
    -269160    -265870    -268860    -251640    -267090    -277990
    -210690    -167980    -209440    -218510    -225440    -214960
    -282270    -272290    -283950    -294440    -294720    -295150
     -62290     -63880     -65040      39180     -49660     -62590
   -2278630   -2283840   -2285000   -2281360   -2280330   -2278600
    -467970    -463040    -441000    -446660    -432780    -451160
    -918380    -919760    -918120    -913530    -920420    -913830
    -248870    -255570    -212950    -231480    -261460    -230840
    -496040    -498330    -498800    -495240    -503960    -494370
    -219900    -224420    -221370    -220640    -226010    -219900
    -473590    -566780    -565560    -564080    -577990    -550130
    -314760    -304980    -310570    -306930    -315910    -309840
    -927180    -927520    -919040    -924200    -927270    -925800
     -33780     -36530     -36910     -29110     -39310     -29830
     -16890     -19950     -20180      15160      -3810     -18550
    -843380    -840860    -845240    -847470    -843840    -839400
     -26680     -29930     -27300       5760     -13000     -25150
    -439320    -426640    -424890    -428350    -424440    -429700
     -41290     -43570     -36270     -41920     -63450     -51410
     -20490     -19320     -23490      20190     -18940     -21590

