[?1034hw =

 Columns 1 through 6:

  -1.7075e+03  -1.5748e+03  -1.6683e+03  -1.7103e+03  -1.6225e+03  -1.5292e+03
   0.0000e+00   0.0000e+00   0.0000e+00   0.0000e+00   0.0000e+00   0.0000e+00
   0.0000e+00   0.0000e+00   0.0000e+00   0.0000e+00   0.0000e+00   0.0000e+00
  -1.2133e+01  -1.2497e+01  -2.5049e+01  -1.3015e+01  -2.3274e+01   1.5867e+01
  -2.7154e+01  -8.2729e+01  -6.5490e+01  -5.5031e+01  -3.8464e+01  -1.2714e+01
  -3.1024e+01  -9.0351e+01  -3.4426e+01  -8.7308e+01  -2.7277e+01  -4.5842e+01
  -1.2075e+02  -1.5235e+02  -1.0377e+02  -1.1167e+02  -4.3028e+01  -1.4232e+02
  -2.2038e+02  -2.6144e+02  -2.1180e+02  -2.1264e+02  -2.5043e+02  -2.9270e+02
  -3.9348e+02  -4.1129e+02  -4.0943e+02  -3.6241e+02  -4.7031e+02  -4.1327e+02
  -4.7746e+02  -3.9185e+02  -4.5951e+02  -4.2052e+02  -5.5412e+02  -4.9358e+02
  -5.3680e+02  -4.5481e+02  -4.4453e+02  -4.8059e+02  -5.5547e+02  -5.4722e+02
  -4.2003e+02  -3.5801e+02  -4.3436e+02  -4.3842e+02  -3.6793e+02  -4.4517e+02
  -2.5250e+02  -1.4114e+02  -2.6498e+02  -2.4030e+02  -2.0371e+02  -1.2150e+02
  -1.1198e+02  -6.1509e+01  -1.1545e+02  -1.3104e+02  -2.5783e+01   6.5323e+01
  -5.1000e+00  -1.9000e+00  -2.9000e+00  -8.2000e+00  -3.4000e+00   9.8000e+00
  -9.3000e-01  -1.9220e+00  -7.8740e+00  -1.2400e+01  -2.4800e+00  -2.0460e+00
  -4.0699e+00  -1.3767e+01  -7.6231e+00  -1.8083e+01  -7.5068e+00  -1.8088e+00
  -6.3029e+01  -8.9515e+01  -4.5074e+01  -6.6680e+01  -6.3991e+01  -2.3113e+01
  -1.7287e+02  -2.2994e+02  -1.5727e+02  -1.5934e+02  -1.7445e+02  -1.0157e+02
  -4.2872e+02  -5.5846e+02  -4.1458e+02  -3.5711e+02  -3.6450e+02  -3.8665e+02
  -7.0142e+02  -8.3111e+02  -6.7674e+02  -6.5623e+02  -6.7300e+02  -6.8903e+02
  -8.5988e+02  -1.0292e+03  -8.5259e+02  -8.2328e+02  -9.2533e+02  -9.2192e+02
  -1.0119e+03  -1.1422e+03  -9.8573e+02  -9.7916e+02  -1.2206e+03  -1.0568e+03
  -1.0503e+03  -1.1288e+03  -1.1015e+03  -1.0856e+03  -1.3115e+03  -1.1029e+03
  -1.1289e+03  -1.1291e+03  -1.1393e+03  -1.1442e+03  -1.2711e+03  -1.1093e+03
  -9.2707e+02  -9.8332e+02  -9.4652e+02  -1.0066e+03  -8.5590e+02  -8.7838e+02
  -6.4550e+02  -5.7079e+02  -6.9631e+02  -6.4171e+02  -5.4197e+02  -4.6080e+02
  -2.7633e+02  -2.0193e+02  -2.5596e+02  -1.6302e+02  -1.9419e+02   1.5675e+01
  -4.3890e+01  -3.7804e+01  -4.5328e+01  -6.4299e+01  -4.7048e+01   6.4702e+01
  -1.2400e+01  -5.2000e+00  -3.5000e+00   1.2400e+01  -3.7000e+00  -1.2000e+01
  -4.0448e+01  -2.4224e+01   1.5048e+01  -2.1323e+01  -2.7240e+01  -2.8971e+01
  -1.1176e+02  -1.1870e+02  -6.1128e+01  -1.2109e+02  -1.3755e+02  -1.1852e+02
  -3.4826e+02  -3.5502e+02  -2.8333e+02  -2.7645e+02  -3.5680e+02  -2.8992e+02
  -6.7164e+02  -7.8403e+02  -5.9935e+02  -6.5468e+02  -6.6782e+02  -6.7329e+02
  -7.7228e+02  -9.0826e+02  -7.7171e+02  -7.6064e+02  -8.1794e+02  -7.8091e+02
  -6.8708e+02  -7.6496e+02  -7.0606e+02  -6.7587e+02  -7.3757e+02  -6.7248e+02
  -5.8734e+02  -5.7572e+02  -5.7459e+02  -6.1940e+02  -7.0717e+02  -5.4492e+02
  -5.8325e+02  -5.7741e+02  -6.2813e+02  -6.7206e+02  -7.9470e+02  -6.0163e+02
  -8.4718e+02  -9.2448e+02  -9.7619e+02  -1.0124e+03  -9.6512e+02  -9.8011e+02
  -8.9425e+02  -1.0004e+03  -9.5366e+02  -9.5217e+02  -8.7417e+02  -1.0041e+03
  -5.4551e+02  -6.1642e+02  -6.6625e+02  -4.7442e+02  -5.5634e+02  -5.1635e+02
  -2.5072e+02  -2.2890e+02  -2.7262e+02  -7.5506e+01  -2.7045e+02  -1.4002e+02
  -8.6269e+01  -5.4449e+01  -5.7545e+01  -3.9897e+01  -6.2248e+01   3.6323e+01
  -2.6000e+00  -5.4000e+00   2.0000e+01  -1.2000e+00  -2.0000e+01  -6.8000e+00
  -1.6053e+01  -1.4563e+01   1.8773e+01  -1.3449e+01  -3.4404e+01  -1.5388e+01
  -1.5025e+02  -1.6599e+02  -1.5992e+02  -2.2997e+02  -1.9510e+02  -1.3718e+02
  -4.6957e+02  -5.3506e+02  -4.1651e+02  -5.6997e+02  -5.1482e+02  -4.3720e+02
  -7.4164e+02  -8.7121e+02  -6.6517e+02  -7.8654e+02  -6.8273e+02  -6.5529e+02
  -5.6000e+02  -6.9069e+02  -5.5373e+02  -6.3248e+02  -5.1349e+02  -5.9266e+02
  -4.3145e+02  -5.2238e+02  -4.2275e+02  -5.5802e+02  -4.9400e+02  -3.1198e+02
  -2.9732e+02  -4.1226e+02  -3.8187e+02  -4.9989e+02  -5.0968e+02  -2.4803e+02
  -5.0334e+02  -4.9164e+02  -6.3525e+02  -5.7950e+02  -6.8954e+02  -5.2752e+02
  -8.7122e+02  -8.6671e+02  -1.0084e+03  -1.0013e+03  -9.0745e+02  -9.5284e+02
  -7.3880e+02  -8.6444e+02  -8.6334e+02  -8.0007e+02  -8.5884e+02  -8.2382e+02
  -4.6621e+02  -4.8972e+02  -4.7061e+02  -3.8984e+02  -4.7060e+02  -4.9019e+02
  -1.7093e+02  -2.2113e+02  -2.0951e+02  -3.0655e+00  -2.2212e+02  -2.2204e+02
  -6.5927e+01  -9.0561e+01  -7.4152e+01   1.5774e+01  -7.6177e+01  -7.1662e+01
  -2.0000e+01  -2.0000e+01   2.0000e+01  -5.1000e+00  -2.0000e+01  -2.0000e+01
  -1.0812e+01  -4.2036e+01   1.0022e+01  -2.4238e+01  -5.3463e+01  -5.7123e+01
  -1.7847e+02  -1.9478e+02  -2.3967e+02  -3.0218e+02  -2.3592e+02  -1.0285e+02
  -5.3099e+02  -6.3274e+02  -6.0652e+02  -7.2514e+02  -5.6064e+02  -4.2965e+02
  -6.0585e+02  -7.7605e+02  -6.3071e+02  -7.5341e+02  -5.2161e+02  -5.7258e+02
  -5.7786e+02  -6.0838e+02  -5.3972e+02  -6.7716e+02  -5.0358e+02  -4.1711e+02
  -4.3213e+02  -5.3268e+02  -4.8014e+02  -5.0759e+02  -4.8007e+02  -3.3069e+02
  -5.1934e+02  -4.2052e+02  -5.1042e+02  -4.5636e+02  -5.1558e+02  -4.3768e+02
  -8.1765e+02  -6.4105e+02  -8.2088e+02  -7.2127e+02  -7.4385e+02  -9.8655e+02
  -8.4581e+02  -9.2876e+02  -9.4946e+02  -8.3097e+02  -8.2828e+02  -1.1594e+03
  -4.8251e+02  -6.2889e+02  -6.2274e+02  -6.1350e+02  -6.5106e+02  -7.1152e+02
  -1.3097e+02  -2.8648e+02  -2.8817e+02  -1.6591e+02  -2.3029e+02  -4.0505e+02
   2.3313e+01  -9.0665e+01  -4.4931e+01   1.3586e+01  -4.7259e+01  -2.0565e+02
   5.7099e+01  -9.5700e+00  -7.0170e+00  -9.5880e+00  -9.5180e+00  -6.7221e+01
  -4.6000e+00  -4.6000e+00   4.6000e+00  -1.1730e+00  -4.6000e+00  -4.6000e+00
  -1.8273e+00  -7.1827e+01  -4.4527e+01  -7.4324e+01  -1.2277e+01  -5.9822e+01
  -2.2117e+02  -2.9123e+02  -3.2841e+02  -3.5412e+02  -1.6947e+02  -2.0411e+02
  -4.6881e+02  -5.7425e+02  -6.2528e+02  -5.8511e+02  -3.9657e+02  -4.6835e+02
  -6.4640e+02  -7.3021e+02  -8.1740e+02  -7.4965e+02  -5.3696e+02  -5.6282e+02
  -5.9764e+02  -6.5203e+02  -6.9695e+02  -6.4485e+02  -4.4642e+02  -5.4362e+02
  -5.3596e+02  -5.3677e+02  -6.2013e+02  -5.1248e+02  -4.9162e+02  -5.1410e+02
  -8.7838e+02  -6.8502e+02  -8.4636e+02  -7.2710e+02  -7.9996e+02  -8.6406e+02
  -1.0146e+03  -9.0597e+02  -9.6236e+02  -9.0060e+02  -9.0253e+02  -1.0122e+03
  -7.6213e+02  -7.4636e+02  -7.1039e+02  -6.8450e+02  -7.2989e+02  -7.8268e+02
  -3.2116e+02  -3.6838e+02  -3.8256e+02  -3.3997e+02  -3.5838e+02  -4.1990e+02
   3.4814e+00  -1.6714e+02  -1.0782e+02  -1.6307e+02  -9.1340e+01  -2.4515e+02
   8.7451e+01  -3.5331e+01  -2.0663e+01  -7.1217e+01  -2.8745e+01  -1.0597e+02
   4.4669e+01  -4.0643e+00  -3.9270e+00  -9.4868e+00  -6.1590e+00  -4.5952e+01
   1.3742e+01  -7.4178e+00  -3.5853e+01  -7.6428e+00   1.4438e+00  -1.2599e+01
  -3.7059e+01  -9.1088e+01  -1.4749e+02  -1.5089e+02  -2.3612e+01  -7.4049e+01
  -1.2609e+02  -1.9464e+02  -3.0667e+02  -2.9500e+02  -1.2845e+02  -1.1950e+02
  -4.8401e+02  -5.3751e+02  -5.7397e+02  -4.5934e+02  -3.3940e+02  -4.0323e+02
  -5.8569e+02  -7.0403e+02  -7.7829e+02  -7.3047e+02  -5.5192e+02  -4.9300e+02
  -8.0360e+02  -8.5286e+02  -8.8794e+02  -7.7601e+02  -7.5956e+02  -6.9102e+02
  -1.0304e+03  -8.8291e+02  -9.4419e+02  -8.1499e+02  -9.0750e+02  -8.2175e+02
  -1.1533e+03  -9.2108e+02  -1.1322e+03  -9.5318e+02  -9.9486e+02  -1.0668e+03
  -9.4196e+02  -7.9641e+02  -9.1653e+02  -7.9189e+02  -8.2581e+02  -8.9440e+02
  -5.9510e+02  -5.2150e+02  -4.5535e+02  -4.5665e+02  -4.6380e+02  -4.8797e+02
  -2.8428e+02  -2.8415e+02  -2.0116e+02  -2.8932e+02  -1.8577e+02  -2.6510e+02
  -4.5712e+01  -1.6192e+02  -1.6782e+02  -1.3498e+02  -1.0422e+02  -2.7485e+02
   4.5431e+01  -3.8391e+01  -6.6739e+01  -4.6895e+01  -4.2833e+01  -1.3365e+02
   1.1646e+01  -2.1804e+00  -5.6475e+00  -7.6528e+00  -3.0661e+00  -6.2138e+00
  -7.5000e+00  -2.6369e+01  -6.2440e+01  -2.0982e+01   3.4317e+01  -4.5764e+01
   1.9766e+01  -8.2852e+01  -1.7589e+02  -1.0983e+02   1.5633e+00  -1.4663e+02
  -1.3311e+02  -1.9479e+02  -1.9611e+02  -2.1932e+02  -7.3425e+01  -2.8099e+02
  -3.3012e+02  -3.7248e+02  -3.8535e+02  -3.7893e+02  -2.7794e+02  -3.5437e+02
  -5.9452e+02  -6.8632e+02  -5.8116e+02  -5.9913e+02  -4.6879e+02  -5.5701e+02
  -7.5289e+02  -7.3273e+02  -6.9029e+02  -6.1983e+02  -6.7550e+02  -6.8189e+02
  -9.9732e+02  -8.2878e+02  -9.1661e+02  -8.5308e+02  -8.6762e+02  -9.1325e+02
  -9.4828e+02  -8.5989e+02  -9.7691e+02  -9.0485e+02  -8.8877e+02  -9.4753e+02
  -7.4931e+02  -6.0009e+02  -7.0907e+02  -6.1415e+02  -6.3886e+02  -7.3127e+02
  -4.7182e+02  -4.0596e+02  -4.3882e+02  -3.8303e+02  -3.5970e+02  -4.0262e+02
  -3.0107e+02  -3.3699e+02  -3.3193e+02  -2.4293e+02  -2.8315e+02  -3.1131e+02
  -7.6258e+01  -1.6841e+02  -2.5289e+02  -1.5976e+02  -1.5188e+02  -2.0236e+02
   3.4648e+01  -5.2271e+01  -1.4673e+02  -2.0032e+01  -5.0692e+01  -1.3187e+02
   1.3057e+01  -1.5250e+00  -1.1077e+01  -3.6270e+00  -2.1300e+00  -4.6610e+00
   2.4028e+01  -3.3181e+01  -7.8970e+01  -2.1084e+01  -2.2872e+01  -4.2264e+01
   4.0033e+01  -1.0254e+02  -8.9209e+01  -1.1777e+02  -8.2448e+01  -2.2039e+02
  -4.5632e+01  -1.5073e+02  -1.3485e+02  -2.1662e+02  -8.9530e+01  -3.4163e+02
  -2.6874e+02  -3.9542e+02  -3.1442e+02  -5.0503e+02  -2.5664e+02  -5.0865e+02
  -4.9399e+02  -5.0923e+02  -4.8489e+02  -6.4051e+02  -4.1062e+02  -6.7044e+02
  -6.6861e+02  -5.2470e+02  -5.8714e+02  -6.5983e+02  -5.8564e+02  -7.6039e+02
  -8.4649e+02  -7.4085e+02  -7.3147e+02  -9.0533e+02  -7.0615e+02  -8.8022e+02
  -8.2320e+02  -7.0217e+02  -6.1907e+02  -8.0244e+02  -6.3474e+02  -7.4592e+02
  -6.6555e+02  -5.3513e+02  -5.1356e+02  -5.7120e+02  -5.6969e+02  -6.2590e+02
  -4.8080e+02  -4.7991e+02  -4.6199e+02  -3.8655e+02  -4.1620e+02  -4.3846e+02
  -2.7513e+02  -3.5177e+02  -4.3200e+02  -3.1017e+02  -3.5312e+02  -3.1893e+02
  -1.4090e+02  -1.7362e+02  -2.8301e+02  -1.2634e+02  -2.3302e+02  -1.9106e+02
  -8.3592e+01  -9.6014e+01  -1.4305e+02  -3.7430e+01  -8.5793e+01  -1.1826e+02
  -3.6081e+01  -4.5027e+01  -7.5540e+00  -4.4111e+01  -5.1482e+01  -2.1862e+01
  -1.3638e+01  -7.5345e+01  -5.3494e+01  -9.5290e+01  -8.9419e+01  -2.7147e+01
  -1.6362e+02  -2.4631e+02  -2.2379e+02  -1.5500e+02  -2.3870e+02  -1.6293e+02
  -2.6860e+02  -3.3515e+02  -2.1659e+02  -3.8407e+02  -3.2318e+02  -4.2232e+02
  -4.2007e+02  -5.0276e+02  -3.6503e+02  -6.1660e+02  -4.5883e+02  -6.2225e+02
  -5.8008e+02  -5.6538e+02  -5.5470e+02  -7.2825e+02  -5.9465e+02  -7.6071e+02
  -7.1089e+02  -6.1259e+02  -6.0022e+02  -8.1795e+02  -6.6317e+02  -8.1724e+02
  -8.2368e+02  -7.6813e+02  -6.5798e+02  -8.6748e+02  -7.1054e+02  -7.5718e+02
  -6.6526e+02  -5.7659e+02  -5.0755e+02  -6.3114e+02  -5.8197e+02  -5.6535e+02
  -4.5063e+02  -5.3667e+02  -3.7426e+02  -4.6920e+02  -4.4899e+02  -4.9724e+02
  -3.8637e+02  -5.1729e+02  -4.2279e+02  -3.8823e+02  -4.6475e+02  -4.8784e+02
  -3.6988e+02  -4.0658e+02  -3.0560e+02  -2.6490e+02  -4.4776e+02  -4.0184e+02
  -1.9294e+02  -1.7846e+02  -1.3842e+02  -1.3178e+02  -2.7312e+02  -1.5854e+02
  -1.0806e+02  -1.0159e+02  -7.5300e+01  -3.9076e+01  -1.4883e+02  -1.0180e+02
  -4.1795e+01  -2.9549e+01  -1.4279e+01  -2.1949e+01  -2.0394e+01  -1.0975e+01
  -9.7268e+01  -1.0783e+02  -7.2143e+01  -4.7477e+01  -1.1827e+02   3.3206e+01
  -3.3189e+02  -3.5630e+02  -2.9259e+02  -2.0290e+02  -3.8373e+02  -1.7304e+02
  -5.3074e+02  -5.6174e+02  -4.6298e+02  -5.6081e+02  -5.7555e+02  -4.1127e+02
  -5.9755e+02  -6.9733e+02  -6.7544e+02  -7.0146e+02  -7.4993e+02  -5.3748e+02
  -6.6667e+02  -6.6266e+02  -6.3952e+02  -7.4830e+02  -7.7692e+02  -6.0400e+02
  -7.6566e+02  -6.9167e+02  -6.8696e+02  -7.6499e+02  -7.5709e+02  -7.0220e+02
  -7.0534e+02  -6.5739e+02  -5.7759e+02  -6.4585e+02  -6.6988e+02  -6.6390e+02
  -5.0275e+02  -5.5228e+02  -3.9479e+02  -5.0787e+02  -5.3250e+02  -6.1199e+02
  -4.0988e+02  -4.5890e+02  -3.7277e+02  -3.7635e+02  -4.6515e+02  -4.3797e+02
  -4.3678e+02  -5.1306e+02  -3.6308e+02  -3.0750e+02  -4.4295e+02  -4.5647e+02
  -3.8358e+02  -3.5355e+02  -2.3837e+02  -2.3813e+02  -3.7231e+02  -3.0564e+02
  -2.3804e+02  -1.7098e+02  -1.3719e+02  -1.7096e+02  -2.5357e+02  -1.2952e+02
  -1.1230e+02  -9.1268e+01  -3.7029e+00  -1.3122e+02  -1.3293e+02  -9.1794e+01
  -3.5224e+01  -3.0732e+01   6.2564e+01  -5.3404e+01  -3.3434e+01  -5.4397e+01
  -4.9104e+01  -5.6485e+01  -4.3395e+01  -5.7875e+01  -9.0709e+01  -4.8826e+01
  -3.5157e+02  -3.3162e+02  -2.5353e+02  -2.7429e+02  -3.9891e+02  -1.9312e+02
  -6.1677e+02  -6.5156e+02  -4.9676e+02  -5.9905e+02  -6.7580e+02  -5.8695e+02
  -8.4149e+02  -8.0620e+02  -7.9096e+02  -7.7743e+02  -9.2723e+02  -7.6762e+02
  -8.5941e+02  -8.4304e+02  -8.3964e+02  -8.0859e+02  -9.2802e+02  -8.4497e+02
  -7.6237e+02  -6.8893e+02  -7.6811e+02  -7.6239e+02  -7.7981e+02  -7.2248e+02
  -6.6102e+02  -6.3278e+02  -6.9702e+02  -7.2376e+02  -7.4925e+02  -6.3691e+02
  -5.7141e+02  -6.1031e+02  -4.9342e+02  -5.9945e+02  -5.9371e+02  -6.4054e+02
  -5.7418e+02  -5.5769e+02  -3.5773e+02  -5.3673e+02  -5.3148e+02  -4.2833e+02
  -4.7234e+02  -4.5925e+02  -2.8845e+02  -3.6757e+02  -4.0619e+02  -3.8645e+02
  -3.3616e+02  -2.7031e+02  -1.3480e+02  -2.6216e+02  -2.7537e+02  -2.6243e+02
  -1.9432e+02  -1.4917e+02   2.0991e+01  -2.1515e+02  -1.6468e+02  -1.4066e+02
  -1.0738e+02  -5.0820e+01   7.6258e+00  -7.1222e+01  -6.5181e+01  -4.4564e+01
  -4.8890e+00  -4.1210e+00   1.4876e+01  -3.6980e+00  -5.6910e+00  -9.7250e+00
  -2.5394e+01  -2.2758e+01   9.5250e+00  -1.5365e+01  -2.3859e+01  -3.5117e+01
  -3.1018e+02  -1.7307e+02  -1.9573e+02  -2.4006e+02  -2.9796e+02  -2.3095e+02
  -6.3662e+02  -5.4466e+02  -4.7754e+02  -5.8421e+02  -6.5883e+02  -6.1472e+02
  -8.2547e+02  -8.6229e+02  -8.5095e+02  -8.5534e+02  -9.2658e+02  -9.2608e+02
  -9.0370e+02  -9.2680e+02  -1.0252e+03  -9.2490e+02  -1.0124e+03  -1.0476e+03
  -8.3426e+02  -8.2873e+02  -9.9310e+02  -8.6365e+02  -8.9680e+02  -9.2807e+02
  -6.8308e+02  -6.7271e+02  -8.3111e+02  -6.6899e+02  -6.9662e+02  -6.9775e+02
  -5.2514e+02  -5.8304e+02  -6.4365e+02  -5.7961e+02  -5.3934e+02  -5.6399e+02
  -4.0928e+02  -4.0337e+02  -3.7086e+02  -3.9722e+02  -3.8235e+02  -4.0768e+02
  -2.6558e+02  -2.3580e+02  -1.9466e+02  -2.6868e+02  -2.6095e+02  -2.4473e+02
  -2.1896e+02  -1.8220e+02  -8.8873e+00  -2.1820e+02  -1.8655e+02  -1.4244e+02
  -1.5077e+02  -1.0994e+02   1.4194e+02  -1.5374e+02  -1.0340e+02  -9.4543e+01
  -4.1273e+01  -2.6296e+01   2.6497e+01  -2.0179e+01  -4.0511e+01  -2.1070e+01
  -2.1470e+00  -1.9410e+00   4.0540e+00  -2.2970e+00  -1.6300e+00  -2.1280e+00
   0.0000e+00   0.0000e+00   0.0000e+00   0.0000e+00   0.0000e+00   0.0000e+00
  -9.7226e+01  -4.0151e+00  -1.3077e+01  -4.9169e+01  -8.3816e+01  -8.0627e+01
  -2.9017e+02  -1.2913e+02  -2.2163e+02  -2.2344e+02  -3.2368e+02  -2.5149e+02
  -4.0108e+02  -3.8451e+02  -4.5048e+02  -3.5841e+02  -4.2354e+02  -4.5685e+02
  -4.1125e+02  -4.2775e+02  -4.8298e+02  -4.2372e+02  -4.9910e+02  -4.3008e+02
  -3.8270e+02  -3.9923e+02  -4.4068e+02  -4.0768e+02  -4.4946e+02  -4.2643e+02
  -3.2175e+02  -2.7303e+02  -3.8511e+02  -2.9618e+02  -3.5829e+02  -3.1836e+02
  -2.0822e+02  -2.0566e+02  -3.0149e+02  -1.6952e+02  -2.0293e+02  -2.2751e+02
  -1.3476e+02  -9.7401e+01  -1.3421e+02  -1.0318e+02  -1.4054e+02  -1.1611e+02
  -8.1485e+01  -4.0810e+01  -6.5484e+01  -7.5811e+01  -5.3435e+01  -6.9027e+01
  -7.6748e+01  -3.8192e+01  -4.5600e+00  -5.0984e+01  -6.0192e+01  -6.8484e+01
  -4.8633e+01  -3.0341e+01   2.1978e+01  -2.2712e+01  -3.5790e+01  -2.4731e+01
  -6.6590e+00  -7.1420e+00   1.4173e+01  -7.2160e+00  -5.7320e+00  -8.9450e+00
   0.0000e+00   0.0000e+00   0.0000e+00   0.0000e+00   0.0000e+00   0.0000e+00

 Columns 7 through 10:

  -1.6019e+03  -1.6319e+03  -1.9061e+03  -1.6203e+03
   0.0000e+00   0.0000e+00   0.0000e+00   0.0000e+00
   0.0000e+00   0.0000e+00   0.0000e+00   0.0000e+00
  -6.4328e+00  -9.3032e+00  -2.2382e+01  -8.7476e+00
  -1.6183e+01   1.0581e+02  -4.0945e+01  -5.7020e+01
  -4.5776e+01   1.1230e+02  -5.6989e+01  -1.0161e+02
  -1.1088e+02   3.2856e+01  -8.9000e+01  -2.5781e+02
  -2.7440e+02  -1.9037e+02  -1.6529e+02  -2.6064e+02
  -3.9048e+02  -5.0333e+02  -3.4723e+02  -1.9995e+02
  -5.0737e+02  -5.5262e+02  -4.3021e+02  -3.3807e+02
  -4.4526e+02  -5.1384e+02  -5.0092e+02  -3.8691e+02
  -4.3771e+02  -4.4265e+02  -4.0777e+02  -4.5677e+02
  -2.2941e+02  -1.6341e+02  -2.9617e+02  -2.6475e+02
  -1.3767e+02  -9.4396e+01  -1.1501e+02  -8.8253e+01
  -5.4000e+00  -2.1000e+00  -4.1000e+00  -8.7000e+00
  -8.0600e-01   1.2400e+01  -2.7900e+00  -1.2400e+01
  -4.2733e+00   2.6165e+01  -6.2505e+00  -9.9725e+00
  -5.7903e+01   5.1224e+01  -8.3699e+01  -8.0357e+01
  -1.6409e+02   4.2493e+01  -1.7007e+02  -2.8023e+02
  -4.9504e+02  -2.6312e+02  -4.1473e+02  -6.0763e+02
  -7.2165e+02  -4.8394e+02  -6.9899e+02  -7.2773e+02
  -9.0371e+02  -6.7955e+02  -8.7753e+02  -7.3058e+02
  -1.0670e+03  -8.8787e+02  -9.5274e+02  -7.8493e+02
  -1.0962e+03  -9.6214e+02  -9.9080e+02  -8.3372e+02
  -1.1514e+03  -9.8428e+02  -1.1016e+03  -9.5813e+02
  -9.4539e+02  -7.4875e+02  -9.7011e+02  -1.0022e+03
  -6.6528e+02  -5.2359e+02  -7.0421e+02  -6.6406e+02
  -2.7953e+02  -1.9480e+02  -2.7392e+02  -2.5326e+02
  -4.2353e+01  -1.1751e+01  -4.4337e+01  -5.5517e+01
  -1.9000e+00  -4.7000e+00  -3.8000e+00  -1.1900e+01
  -4.6633e+01  -1.1125e+01  -4.6343e+01  -4.3455e+01
  -1.3159e+02  -6.9485e+01  -9.6430e+01  -1.3133e+02
  -3.6232e+02  -1.9723e+02  -2.7086e+02  -4.3900e+02
  -7.4844e+02  -6.0262e+02  -7.0411e+02  -6.4146e+02
  -7.9861e+02  -7.5890e+02  -7.5487e+02  -6.6462e+02
  -7.2266e+02  -5.5657e+02  -6.3573e+02  -6.9027e+02
  -6.2770e+02  -4.7677e+02  -5.5587e+02  -6.8153e+02
  -7.2400e+02  -5.5826e+02  -6.8195e+02  -7.7553e+02
  -1.0293e+03  -9.1448e+02  -9.0917e+02  -9.8109e+02
  -1.0372e+03  -8.3668e+02  -9.2926e+02  -1.0011e+03
  -6.1500e+02  -4.5562e+02  -4.7862e+02  -5.4584e+02
  -2.5329e+02  -1.8917e+02  -1.5666e+02  -2.5692e+02
  -5.7292e+01  -3.1980e+01  -4.1058e+01  -6.9813e+01
  -2.0000e+01  -3.3000e+00  -2.0000e+01  -6.7000e+00
  -3.4815e+01  -2.8385e+00  -3.6716e+01  -1.4369e+01
  -1.7362e+02  -1.1217e+02  -1.1445e+02  -1.8718e+02
  -5.6294e+02  -4.0783e+02  -4.5117e+02  -4.0631e+02
  -7.5764e+02  -6.9040e+02  -7.6621e+02  -6.1531e+02
  -6.3446e+02  -5.3799e+02  -5.5589e+02  -5.8974e+02
  -4.1032e+02  -4.0068e+02  -4.7559e+02  -4.4119e+02
  -4.7900e+02  -3.9945e+02  -5.3911e+02  -3.8933e+02
  -6.5234e+02  -5.2408e+02  -6.9082e+02  -5.9915e+02
  -1.0398e+03  -8.6810e+02  -9.9034e+02  -9.4171e+02
  -9.9169e+02  -7.5733e+02  -7.8563e+02  -8.3683e+02
  -5.2766e+02  -4.9209e+02  -3.5730e+02  -4.1685e+02
  -2.0616e+02  -1.6194e+02  -1.9136e+02  -1.9893e+02
  -7.6104e+01  -5.6795e+01  -4.8346e+01  -6.3075e+01
  -1.8300e+01  -1.7400e+01  -2.0000e+01  -1.1900e+01
  -4.9524e+01  -5.7034e+01  -4.3051e+01  -2.4845e+01
  -1.9216e+02  -2.0892e+02  -1.3595e+02  -1.7309e+02
  -5.6693e+02  -5.8254e+02  -5.2909e+02  -3.4417e+02
  -6.8109e+02  -6.7946e+02  -6.2966e+02  -5.8326e+02
  -5.7871e+02  -6.4491e+02  -4.8010e+02  -4.8292e+02
  -4.3045e+02  -5.1931e+02  -4.4514e+02  -3.2793e+02
  -4.3287e+02  -5.7531e+02  -4.8817e+02  -3.0658e+02
  -8.4767e+02  -7.9535e+02  -8.8599e+02  -7.4917e+02
  -1.0427e+03  -9.3131e+02  -9.3729e+02  -9.0478e+02
  -7.5195e+02  -6.4068e+02  -5.6100e+02  -5.2148e+02
  -3.6933e+02  -2.8563e+02  -2.5081e+02  -2.2233e+02
  -8.6954e+01  -6.7538e+01  -8.4033e+01  -5.0536e+01
  -1.3995e+01  -8.3320e+00  -9.5770e+00  -7.2660e+00
  -4.2090e+00  -4.0020e+00  -4.6000e+00  -2.7370e+00
  -3.6359e+01  -7.1574e+01  -5.6572e+01  -7.7155e+01
  -2.1862e+02  -2.7092e+02  -2.3549e+02  -2.5879e+02
  -5.0282e+02  -6.2636e+02  -4.8406e+02  -4.1125e+02
  -6.5376e+02  -7.9015e+02  -5.1015e+02  -5.7021e+02
  -5.7642e+02  -7.0601e+02  -5.1063e+02  -5.3335e+02
  -6.0021e+02  -6.8407e+02  -5.5628e+02  -4.3090e+02
  -8.7636e+02  -8.9843e+02  -8.0971e+02  -6.7599e+02
  -1.0736e+03  -9.8759e+02  -1.0188e+03  -8.9534e+02
  -8.2633e+02  -7.4263e+02  -7.6249e+02  -6.3030e+02
  -5.1216e+02  -3.8196e+02  -3.6987e+02  -2.7824e+02
  -2.7443e+02  -1.6768e+02  -2.1633e+02  -1.2285e+02
  -5.7234e+01  -3.7964e+01  -4.2254e+01  -2.6653e+01
  -1.0410e+01  -4.1043e+00  -6.6579e+00  -4.5623e+00
   3.6190e+00  -9.9430e+00  -8.7972e+00  -8.5726e+00
  -6.0972e+01  -1.3715e+02  -1.2360e+02  -8.1828e+01
  -1.9552e+02  -2.5751e+02  -3.0455e+02  -2.0863e+02
  -3.8724e+02  -5.6694e+02  -5.2986e+02  -4.7905e+02
  -7.0319e+02  -7.4016e+02  -6.8456e+02  -6.9173e+02
  -8.0771e+02  -9.2444e+02  -6.9326e+02  -7.4152e+02
  -1.0082e+03  -9.8792e+02  -8.5625e+02  -8.7931e+02
  -1.0906e+03  -1.1110e+03  -9.4680e+02  -1.0365e+03
  -9.6073e+02  -9.4509e+02  -8.7324e+02  -8.7921e+02
  -5.5142e+02  -5.2208e+02  -6.1399e+02  -4.6135e+02
  -3.5577e+02  -2.3557e+02  -3.8925e+02  -3.1195e+02
  -1.7303e+02  -1.7505e+02  -2.2395e+02  -1.8673e+02
  -4.3054e+01  -5.1533e+01  -5.2413e+01  -3.8843e+01
  -6.9925e+00  -3.5291e+00  -4.4678e+00  -3.0211e+00
   1.5012e+01  -1.8727e+01  -2.8334e+01  -4.4355e+01
  -4.5938e+01  -1.2698e+02  -1.2812e+02  -8.3363e+01
  -1.8689e+02  -2.1084e+02  -3.0359e+02  -2.1222e+02
  -3.2059e+02  -3.8695e+02  -4.6330e+02  -3.8237e+02
  -4.9241e+02  -6.3738e+02  -5.2537e+02  -5.8741e+02
  -7.1784e+02  -7.6691e+02  -6.4793e+02  -7.5169e+02
  -9.4634e+02  -9.6690e+02  -7.3651e+02  -9.9801e+02
  -9.5167e+02  -9.5212e+02  -9.3297e+02  -9.2481e+02
  -6.7152e+02  -7.2248e+02  -6.9664e+02  -6.1097e+02
  -3.9599e+02  -4.4762e+02  -5.5443e+02  -4.1306e+02
  -2.9856e+02  -3.1307e+02  -4.3127e+02  -4.1350e+02
  -1.3948e+02  -1.8223e+02  -2.3592e+02  -2.2781e+02
  -4.5782e+00  -6.4829e+01  -5.1325e+01  -4.9441e+01
  -5.1300e+00  -4.5310e+00  -3.0870e+00  -2.2260e+00
   3.1714e+00  -4.2154e+01  -2.5233e+01  -2.2582e+01
  -6.5998e+01  -1.1960e+02  -1.2171e+02  -9.3082e+01
  -1.4382e+02  -1.6929e+02  -1.3799e+02  -1.5652e+02
  -2.5195e+02  -3.6771e+02  -2.3942e+02  -3.7170e+02
  -4.3810e+02  -5.3237e+02  -3.8384e+02  -5.5942e+02
  -6.3234e+02  -6.1695e+02  -4.9300e+02  -6.8879e+02
  -8.5179e+02  -8.1712e+02  -7.1525e+02  -8.6368e+02
  -6.6311e+02  -7.3116e+02  -7.1208e+02  -7.8752e+02
  -4.2384e+02  -5.8108e+02  -4.9229e+02  -4.7710e+02
  -4.5076e+02  -4.5398e+02  -4.4191e+02  -5.2924e+02
  -2.4530e+02  -3.5414e+02  -4.0842e+02  -4.0266e+02
  -1.1929e+02  -2.2032e+02  -2.5530e+02  -2.5065e+02
  -6.4245e+00  -9.4960e+01  -9.5913e+01  -8.8036e+01
  -4.1485e+01  -3.8451e+01  -5.3663e+01  -4.0262e+01
  -3.5807e+01  -5.7202e+01  -6.6562e+01  -6.4058e+01
  -2.1591e+02  -2.3957e+02  -2.5782e+02  -2.4897e+02
  -3.1547e+02  -3.4848e+02  -2.3497e+02  -3.8446e+02
  -3.7051e+02  -5.0810e+02  -2.9593e+02  -5.3489e+02
  -5.0642e+02  -5.4429e+02  -4.8655e+02  -6.9282e+02
  -6.7322e+02  -6.6130e+02  -6.9705e+02  -7.4722e+02
  -6.8203e+02  -7.0897e+02  -8.1582e+02  -7.4501e+02
  -4.3115e+02  -5.0897e+02  -6.3507e+02  -5.3892e+02
  -4.0180e+02  -4.6440e+02  -4.9842e+02  -4.2629e+02
  -4.7085e+02  -4.5265e+02  -5.0541e+02  -5.6332e+02
  -3.3595e+02  -3.9173e+02  -4.3591e+02  -4.2588e+02
  -1.9276e+02  -2.3071e+02  -2.3753e+02  -2.0373e+02
  -5.8596e+01  -1.3381e+02  -1.6127e+02  -8.8969e+01
  -5.8410e+00  -2.7998e+01  -2.6341e+01  -1.3879e+01
  -1.3721e+02  -8.6895e+01  -1.1672e+02  -8.8179e+01
  -3.1439e+02  -3.2562e+02  -2.6256e+02  -3.5431e+02
  -5.5068e+02  -5.5732e+02  -4.0751e+02  -6.4522e+02
  -5.7532e+02  -6.2151e+02  -6.3654e+02  -7.9284e+02
  -5.6197e+02  -6.8269e+02  -7.2318e+02  -7.0769e+02
  -5.8211e+02  -7.0464e+02  -9.0341e+02  -6.6768e+02
  -4.9248e+02  -6.6192e+02  -5.9846e+02  -6.4392e+02
  -5.1617e+02  -5.6578e+02  -5.5499e+02  -5.4576e+02
  -5.0739e+02  -4.8108e+02  -4.8039e+02  -5.4847e+02
  -3.5352e+02  -4.4055e+02  -4.8660e+02  -4.9804e+02
  -2.6648e+02  -3.3185e+02  -3.0027e+02  -3.5674e+02
  -1.7837e+02  -2.5122e+02  -1.9547e+02  -1.8889e+02
  -1.0126e+02  -1.3154e+02  -1.3294e+02  -9.2686e+01
  -2.9471e+01  -3.5632e+01  -5.1135e+01  -1.7412e+01
  -4.5552e+01  -6.9464e+01  -3.0671e+01  -5.4447e+01
  -3.6558e+02  -3.7382e+02  -2.4719e+02  -3.8800e+02
  -6.5407e+02  -6.9239e+02  -6.5287e+02  -7.1553e+02
  -7.2801e+02  -8.4129e+02  -8.2783e+02  -8.9301e+02
  -7.8666e+02  -8.6061e+02  -9.3208e+02  -9.1980e+02
  -7.2432e+02  -8.0601e+02  -8.6870e+02  -8.4714e+02
  -6.7584e+02  -7.3979e+02  -6.3540e+02  -7.5165e+02
  -5.7999e+02  -6.6068e+02  -5.9741e+02  -7.1502e+02
  -4.8363e+02  -6.2901e+02  -5.7129e+02  -6.2249e+02
  -3.0041e+02  -4.6121e+02  -4.4586e+02  -4.9872e+02
  -2.4600e+02  -3.3058e+02  -2.7456e+02  -3.0589e+02
  -1.9496e+02  -2.5186e+02  -1.9094e+02  -1.6883e+02
  -6.8419e+01  -8.8784e+01  -8.3303e+01  -6.5223e+01
  -1.1050e+01  -4.0670e+00  -1.2776e+01  -3.9580e+00
  -1.8089e+01  -2.4313e+01  -8.2990e+00  -3.3838e+01
  -2.7258e+02  -3.1556e+02  -2.1309e+02  -3.3731e+02
  -5.4557e+02  -6.8005e+02  -6.7487e+02  -6.5019e+02
  -8.0733e+02  -9.1779e+02  -8.2914e+02  -9.9039e+02
  -8.9660e+02  -9.7061e+02  -8.6708e+02  -1.1511e+03
  -7.8461e+02  -9.8143e+02  -6.8959e+02  -1.0172e+03
  -5.5076e+02  -7.3684e+02  -6.4879e+02  -8.0415e+02
  -4.1537e+02  -5.9703e+02  -5.6037e+02  -6.4232e+02
  -3.2224e+02  -5.1871e+02  -3.6092e+02  -4.6739e+02
  -2.7725e+02  -3.4036e+02  -2.1916e+02  -3.1341e+02
  -2.2474e+02  -2.6199e+02  -2.0066e+02  -2.0493e+02
  -1.6685e+02  -1.9065e+02  -1.4565e+02  -1.3070e+02
  -4.3670e+01  -5.2271e+01  -5.6631e+01  -3.5958e+01
  -3.0600e+00  -3.1440e+00  -2.0450e+00  -1.7420e+00
   0.0000e+00   0.0000e+00   0.0000e+00   0.0000e+00
  -6.3952e+01  -1.0158e+02  -1.1699e+02  -9.1661e+01
  -2.2590e+02  -3.2599e+02  -3.0585e+02  -2.6117e+02
  -3.1643e+02  -4.3237e+02  -3.9008e+02  -4.0398e+02
  -4.4826e+02  -5.5943e+02  -3.8465e+02  -4.2139e+02
  -4.3279e+02  -4.2004e+02  -5.0911e+02  -5.2991e+02
  -3.5803e+02  -3.6925e+02  -3.3807e+02  -3.7288e+02
  -1.2710e+02  -2.8794e+02  -2.1454e+02  -2.0586e+02
  -1.2694e+02  -1.8833e+02  -4.9922e+01  -1.4349e+02
  -8.6590e+01  -5.5552e+01  -4.2587e+01  -8.4138e+01
  -5.8353e+01  -4.4152e+01  -5.1284e+01  -5.6661e+01
  -2.9457e+01  -4.9389e+01  -5.3457e+01  -3.7510e+01
  -8.4330e+00  -1.0518e+01  -6.5470e+00  -5.4320e+00
   0.0000e+00   0.0000e+00   0.0000e+00   0.0000e+00

