[?1034hw =

  -2.0000e+01   2.0000e+01
   1.2876e+02  -1.2876e+02
  -2.0607e+02   2.0607e+02
   3.9793e+01  -3.9793e+01
  -6.6846e+01   6.6846e+01
   1.4795e+02  -1.4795e+02
   3.2016e+02  -3.2016e+02
   2.8423e+01  -2.8423e+01
   5.4696e+01  -5.4696e+01
  -1.0440e+02   1.0440e+02
   2.4222e+02  -2.4222e+02
  -8.7057e+01   8.7057e+01
   1.2685e+01  -1.2685e+01
   1.0950e+02  -1.0950e+02
  -5.4183e+01   5.4183e+01
  -3.7905e+02   3.7905e+02
   1.7293e+02  -1.7293e+02
  -1.2713e+02   1.2713e+02
  -4.3320e+01   4.3320e+01
   1.7703e+02  -1.7703e+02
  -2.1654e+02   2.1654e+02
  -3.5941e+02   3.5941e+02
  -8.7266e+01   8.7266e+01
  -2.7873e+02   2.7873e+02
   1.7949e+02  -1.7949e+02
  -2.6826e+02   2.6826e+02
   1.9579e+01  -1.9579e+01
   4.0183e+02  -4.0183e+02
  -8.3871e+01   8.3871e+01
  -1.7170e+01   1.7170e+01
  -2.1205e+01   2.1205e+01
  -1.0321e+01   1.0321e+01
   1.9053e+02  -1.9053e+02
  -5.2216e+01   5.2216e+01
   1.6601e+02  -1.6601e+02
  -2.7306e+02   2.7306e+02
  -3.3207e+02   3.3207e+02
  -8.6405e+01   8.6405e+01
  -1.9373e+02   1.9373e+02
  -1.0019e+02   1.0019e+02
  -2.1760e+02   2.1760e+02
   2.1712e+02  -2.1712e+02
  -1.1571e+02   1.1571e+02
  -1.6329e+02   1.6329e+02
   2.4892e+01  -2.4892e+01
   3.3193e+02  -3.3193e+02
  -7.5522e+01   7.5522e+01
   4.9601e+02  -4.9601e+02
  -2.8036e+02   2.8036e+02
   7.5558e+01  -7.5558e+01
   5.0319e+01  -5.0319e+01
   1.0075e+02  -1.0075e+02
  -2.4309e+00   2.4309e+00
  -2.6482e+02   2.6482e+02
   5.4554e+02  -5.4554e+02
   2.6479e+02  -2.6479e+02
   6.0473e+01  -6.0473e+01
   5.7441e+01  -5.7441e+01
   1.8035e+01  -1.8035e+01
  -2.4830e+01   2.4830e+01
   9.5023e+01  -9.5023e+01
  -1.3687e+02   1.3687e+02
   1.3589e+02  -1.3589e+02
   1.9997e+02  -1.9997e+02
  -1.3805e+02   1.3805e+02
  -5.5509e+01   5.5509e+01
   2.5025e+02  -2.5025e+02
  -1.3498e+02   1.3498e+02
   1.4817e+02  -1.4817e+02
   1.4721e+02  -1.4721e+02
  -3.8246e+02   3.8246e+02
  -3.1519e+02   3.1519e+02
  -1.2872e+02   1.2872e+02
   1.9118e+02  -1.9118e+02
   5.1855e+02  -5.1855e+02
  -2.0876e+02   2.0876e+02
  -7.2406e+02   7.2406e+02
  -2.2606e+02   2.2606e+02
   1.8344e+02  -1.8344e+02
  -5.0144e+01   5.0144e+01
   1.9200e+02  -1.9200e+02
  -4.2669e+01   4.2669e+01
  -1.0902e+02   1.0902e+02
  -8.1265e+01   8.1265e+01
   3.5335e+02  -3.5335e+02
   9.3989e+01  -9.3989e+01
  -2.7949e+02   2.7949e+02
  -8.6354e+01   8.6354e+01
  -2.1576e+00   2.1576e+00
  -1.0636e+02   1.0636e+02
   6.5216e+01  -6.5216e+01
   1.5996e+02  -1.5996e+02
   2.6084e+02  -2.6084e+02
  -1.3729e+02   1.3729e+02
   8.4302e+01  -8.4302e+01
  -1.7394e+02   1.7394e+02
  -3.4179e+01   3.4179e+01
   4.5643e+02  -4.5643e+02
  -2.2174e+02   2.2174e+02
  -5.4367e+01   5.4367e+01
   1.8910e+02  -1.8910e+02
   3.3601e+02  -3.3601e+02
  -1.3218e+02   1.3218e+02
  -5.2942e+02   5.2942e+02
   1.6314e+02  -1.6314e+02
   6.4765e+01  -6.4765e+01
   7.8846e+01  -7.8846e+01
   1.0110e+02  -1.0110e+02
   8.0316e+01  -8.0316e+01
  -7.9019e+00   7.9019e+00
   4.4633e+02  -4.4633e+02
  -5.3332e+01   5.3332e+01
  -1.8444e+02   1.8444e+02
  -1.2425e+01   1.2425e+01
  -3.6794e+02   3.6794e+02
  -1.4689e+02   1.4689e+02
   5.9426e+01  -5.9426e+01
  -2.1546e+01   2.1546e+01
  -2.0113e+02   2.0113e+02
  -3.4671e+02   3.4671e+02
   1.0390e+02  -1.0390e+02
   3.8259e+02  -3.8259e+02
  -3.4487e+02   3.4487e+02
   6.4198e+01  -6.4198e+01
  -4.8828e+01   4.8828e+01
  -4.5688e+02   4.5688e+02
  -1.2558e+02   1.2558e+02
   2.2215e+01  -2.2215e+01
  -4.7304e+01   4.7304e+01
  -1.9675e+02   1.9675e+02
   1.0700e+02  -1.0700e+02
   5.4924e+01  -5.4924e+01
   1.0450e+02  -1.0450e+02
   2.0627e+02  -2.0627e+02
   1.2119e+02  -1.2119e+02
  -2.8933e+02   2.8933e+02
   1.6328e+02  -1.6328e+02
  -5.3324e+02   5.3324e+02
  -1.5602e+02   1.5602e+02
   3.3820e+01  -3.3820e+01
  -2.5254e+02   2.5254e+02
  -2.2662e+02   2.2662e+02
   3.9187e+01  -3.9187e+01
  -9.5248e+01   9.5248e+01
   1.6198e+01  -1.6198e+01
  -1.5350e+02   1.5350e+02
   1.9659e+02  -1.9659e+02
  -1.2215e+02   1.2215e+02
  -1.9808e+02   1.9808e+02
   1.1536e+02  -1.1536e+02
  -3.8129e+01   3.8129e+01
  -4.5913e+02   4.5913e+02
   2.4082e+02  -2.4082e+02
   8.6712e+02  -8.6712e+02
   6.2101e+01  -6.2101e+01
  -1.5400e+02   1.5400e+02
  -3.4964e+02   3.4964e+02
   4.6739e+01  -4.6739e+01
  -2.6119e+02   2.6119e+02
  -2.0624e+02   2.0624e+02
  -6.3064e+01   6.3064e+01
   3.1175e+02  -3.1175e+02
  -7.1201e+01   7.1201e+01
  -5.6379e+02   5.6379e+02
   3.8852e+02  -3.8852e+02
   1.0127e+03  -1.0127e+03
   3.3131e+02  -3.3131e+02
   8.2532e+01  -8.2532e+01
   1.7268e+02  -1.7268e+02
  -5.6139e+01   5.6139e+01
   5.0113e+01  -5.0113e+01
   3.4644e+02  -3.4644e+02
   1.7832e+02  -1.7832e+02
  -1.0462e+02   1.0462e+02
   1.6158e+02  -1.6158e+02
   9.0819e+01  -9.0819e+01
  -2.7866e+02   2.7866e+02
   3.8663e+02  -3.8663e+02
  -1.3442e+02   1.3442e+02
  -1.7440e+01   1.7440e+01
  -7.4651e+01   7.4651e+01
   1.9262e+02  -1.9262e+02
  -6.1250e+02   6.1250e+02
   2.2617e+02  -2.2617e+02
   8.8864e+01  -8.8864e+01
  -8.3678e+01   8.3678e+01
   3.0171e+02  -3.0171e+02
  -7.0138e+01   7.0138e+01
  -5.7610e+01   5.7610e+01
  -3.4387e+02   3.4387e+02
   3.2032e+02  -3.2032e+02
   2.0406e+02  -2.0406e+02
   7.6747e+01  -7.6747e+01
   1.8974e+01  -1.8974e+01
  -1.6323e+02   1.6323e+02
  -4.2361e+02   4.2361e+02
  -6.3033e+01   6.3033e+01
  -9.3382e+01   9.3382e+01
   1.3281e+02  -1.3281e+02
   3.6702e+02  -3.6702e+02
   1.4406e+02  -1.4406e+02
  -3.2593e+02   3.2593e+02
  -1.0888e+02   1.0888e+02
   3.0815e+02  -3.0815e+02
   1.5013e+02  -1.5013e+02
   2.1381e+01  -2.1381e+01
  -4.4523e+02   4.4523e+02
  -3.4378e+02   3.4378e+02
  -8.2677e+01   8.2677e+01
   3.9912e+02  -3.9912e+02
  -9.9890e+02   9.9890e+02
   2.4565e+02  -2.4565e+02
  -3.4412e+02   3.4412e+02
   1.6771e+01  -1.6771e+01
  -2.6130e+02   2.6130e+02
   4.0489e+02  -4.0489e+02
  -2.0237e+02   2.0237e+02
  -3.1623e+02   3.1623e+02
   1.4301e+02  -1.4301e+02
  -2.7054e+01   2.7054e+01
  -2.7211e+02   2.7211e+02
   1.0243e+02  -1.0243e+02
  -1.2242e+02   1.2242e+02
   2.0316e+02  -2.0316e+02
  -9.0784e+01   9.0784e+01
   2.1806e+02  -2.1806e+02
  -7.1182e+01   7.1182e+01
  -3.2592e+02   3.2592e+02
   3.3592e+02  -3.3592e+02
  -2.1299e+02   2.1299e+02
   2.8077e+02  -2.8077e+02
  -2.6354e+01   2.6354e+01
   3.8538e+01  -3.8538e+01
  -4.8690e+02   4.8690e+02
   2.7021e+02  -2.7021e+02
  -2.3739e+02   2.3739e+02
  -3.1589e+02   3.1589e+02
  -2.3228e+02   2.3228e+02
   2.6292e+02  -2.6292e+02
   2.6180e+02  -2.6180e+02
  -2.8386e+02   2.8386e+02
  -6.9350e+01   6.9350e+01
  -2.4003e+02   2.4003e+02
   1.0343e+02  -1.0343e+02
  -1.2653e+02   1.2653e+02
  -5.3736e+01   5.3736e+01
   1.2327e+02  -1.2327e+02
  -2.6691e+02   2.6691e+02
  -2.4165e+02   2.4165e+02
  -2.5615e+02   2.5615e+02
   1.3780e+02  -1.3780e+02
   5.3246e+01  -5.3246e+01
   7.5123e+01  -7.5123e+01
   2.7928e+02  -2.7928e+02
  -5.6336e+01   5.6336e+01
   1.2730e+02  -1.2730e+02
   1.7050e+02  -1.7050e+02
   4.3331e+02  -4.3331e+02
   2.2558e+02  -2.2558e+02
   1.5418e+01  -1.5418e+01
   6.0033e+02  -6.0033e+02
  -2.6742e+02   2.6742e+02
  -4.8859e+01   4.8859e+01
  -1.7393e+02   1.7393e+02
   2.4099e+02  -2.4099e+02
  -4.0191e+01   4.0191e+01
   3.6420e+01  -3.6420e+01
  -1.9907e+02   1.9907e+02
   1.4047e+02  -1.4047e+02
   2.4449e+02  -2.4449e+02
   4.3762e+01  -4.3762e+01
   1.8764e+02  -1.8764e+02
   1.1496e+02  -1.1496e+02
   1.1503e+02  -1.1503e+02
  -5.8935e+01   5.8935e+01
   1.2114e+02  -1.2114e+02
   1.1573e+02  -1.1573e+02
   1.4071e+02  -1.4071e+02
  -1.9263e+02   1.9263e+02
  -5.6385e+02   5.6385e+02
  -1.1870e+02   1.1870e+02
   2.0295e+02  -2.0295e+02
  -8.6365e+01   8.6365e+01
   2.9735e+02  -2.9735e+02
   4.9958e+02  -4.9958e+02
   4.2828e+01  -4.2828e+01
  -1.6041e+02   1.6041e+02
   1.0229e+01  -1.0229e+01
  -2.0003e+01   2.0003e+01
  -2.4767e+02   2.4767e+02
  -1.1237e+01   1.1237e+01
  -5.7989e+02   5.7989e+02
   4.3921e+02  -4.3921e+02
   8.3090e+01  -8.3090e+01
   7.9498e+00  -7.9498e+00
   2.4435e+02  -2.4435e+02
  -6.9277e+02   6.9277e+02
  -7.2953e+01   7.2953e+01
  -5.1539e+01   5.1539e+01
   7.6971e+01  -7.6971e+01
  -1.5414e+02   1.5414e+02
  -6.3859e+01   6.3859e+01
   2.7517e+01  -2.7517e+01
  -3.5401e+02   3.5401e+02
   3.2179e+02  -3.2179e+02
   9.4789e+01  -9.4789e+01
   7.2839e+01  -7.2839e+01
   2.2156e+01  -2.2156e+01
  -1.2679e+02   1.2679e+02
   3.6105e+02  -3.6105e+02
   2.5062e+02  -2.5062e+02
   8.1386e+02  -8.1386e+02
  -3.1095e+02   3.1095e+02
   4.4322e+01  -4.4322e+01
  -9.2960e+01   9.2960e+01
  -2.4356e+02   2.4356e+02
   3.7311e+02  -3.7311e+02
   4.4012e+02  -4.4012e+02
  -2.3910e+02   2.3910e+02
   1.6905e+02  -1.6905e+02
   1.4923e+02  -1.4923e+02
   1.1474e+03  -1.1474e+03
   3.4869e+02  -3.4869e+02
   1.5758e+02  -1.5758e+02
  -6.4970e+00   6.4970e+00
   2.6787e+01  -2.6787e+01
   3.3542e+02  -3.3542e+02
  -5.4144e+01   5.4144e+01
  -2.5781e+02   2.5781e+02
   4.2121e+01  -4.2121e+01
  -2.1666e+02   2.1666e+02
   1.9967e+02  -1.9967e+02
  -2.3029e+02   2.3029e+02
  -2.6195e+02   2.6195e+02
  -1.0830e+02   1.0830e+02
  -8.8067e+01   8.8067e+01
  -3.8400e+01   3.8400e+01
  -4.1389e+01   4.1389e+01
  -1.9465e+01   1.9465e+01
   2.3901e+02  -2.3901e+02
  -6.5355e+01   6.5355e+01
  -5.8969e+02   5.8969e+02
  -2.1557e+02   2.1557e+02
   1.7785e+02  -1.7785e+02
  -1.4967e+02   1.4967e+02
  -4.3524e+01   4.3524e+01
   1.9151e+02  -1.9151e+02
   2.5413e+02  -2.5413e+02
   4.5148e+02  -4.5148e+02
   6.3884e+02  -6.3884e+02
  -1.2809e+02   1.2809e+02
  -2.9013e+02   2.9013e+02
  -3.5016e+02   3.5016e+02
  -1.9818e+02   1.9818e+02
   1.9102e+02  -1.9102e+02
   2.2680e+02  -2.2680e+02
  -6.5049e+02   6.5049e+02
   3.4571e+02  -3.4571e+02
  -7.9300e+00   7.9300e+00
   5.9955e+02  -5.9955e+02
  -2.6582e+02   2.6582e+02
  -2.6935e+02   2.6935e+02
  -2.9861e+02   2.9861e+02
   2.9840e+02  -2.9840e+02
  -1.0896e+02   1.0896e+02
  -7.4690e+01   7.4690e+01
   4.7456e+02  -4.7456e+02
  -2.3279e+02   2.3279e+02
   2.2369e+02  -2.2369e+02
  -7.8973e+02   7.8973e+02
   1.5922e+02  -1.5922e+02
   1.9068e+02  -1.9068e+02
   8.2086e+01  -8.2086e+01
  -4.2540e+02   4.2540e+02
  -2.6026e+02   2.6026e+02
  -1.3803e+01   1.3803e+01
   3.0388e+02  -3.0388e+02
   3.5835e+02  -3.5835e+02
  -2.0302e+02   2.0302e+02
  -2.8246e+02   2.8246e+02
  -1.3739e+01   1.3739e+01
  -4.0414e+02   4.0414e+02
  -5.6603e+01   5.6603e+01
  -3.1914e+02   3.1914e+02
   5.0640e+02  -5.0640e+02
   4.2196e+02  -4.2196e+02
  -2.3812e+01   2.3812e+01
   2.4430e+02  -2.4430e+02
   3.1671e+01  -3.1671e+01
  -1.0187e+02   1.0187e+02
  -4.3769e+01   4.3769e+01
  -1.1624e+02   1.1624e+02
   5.9253e+01  -5.9253e+01
  -4.4844e+02   4.4844e+02
   1.3703e+02  -1.3703e+02
  -1.4739e+02   1.4739e+02
  -2.8326e+01   2.8326e+01
  -1.2299e+02   1.2299e+02
  -7.7571e+01   7.7571e+01
   7.1087e+02  -7.1087e+02
  -2.0944e+02   2.0944e+02
  -2.6024e+02   2.6024e+02
  -1.3347e+02   1.3347e+02
  -7.4171e+01   7.4171e+01
  -6.1825e+01   6.1825e+01
  -2.8316e+02   2.8316e+02
  -1.4315e+02   1.4315e+02
   2.0078e+02  -2.0078e+02
  -2.7963e+02   2.7963e+02
   4.2559e+02  -4.2559e+02
  -1.2484e+02   1.2484e+02
   1.6987e+02  -1.6987e+02
  -8.4389e+01   8.4389e+01
  -7.1305e+01   7.1305e+01
  -5.6174e+02   5.6174e+02
   2.8264e+01  -2.8264e+01
   7.4801e+02  -7.4801e+02
  -1.9336e+02   1.9336e+02
   4.1326e+02  -4.1326e+02
   1.7347e+02  -1.7347e+02
   3.3660e+02  -3.3660e+02
  -2.6395e+02   2.6395e+02
   9.2824e+02  -9.2824e+02
  -1.6455e+02   1.6455e+02
  -2.3851e+02   2.3851e+02
  -1.1285e+02   1.1285e+02
  -1.1110e+02   1.1110e+02
  -9.3939e+01   9.3939e+01
  -2.2899e+02   2.2899e+02
  -1.4518e+02   1.4518e+02
   3.0521e+02  -3.0521e+02
  -1.9037e+02   1.9037e+02
   4.4819e+02  -4.4819e+02
  -9.8591e+01   9.8591e+01
  -3.6040e+02   3.6040e+02
  -4.4330e+01   4.4330e+01
   1.1884e+01  -1.1884e+01
   2.3636e+02  -2.3636e+02
  -2.6776e+02   2.6776e+02
  -7.2352e+01   7.2352e+01
   2.5083e+01  -2.5083e+01
   5.7575e+01  -5.7575e+01
  -4.1133e+02   4.1133e+02
   3.7424e+02  -3.7424e+02
  -1.5290e-02   1.5290e-02
  -3.8917e+00   3.8917e+00
  -9.0918e+01   9.0918e+01
  -2.3112e+02   2.3112e+02
   1.9005e+02  -1.9005e+02
   2.3847e+02  -2.3847e+02
  -2.4917e+02   2.4917e+02
   2.9005e+01  -2.9005e+01
   5.2534e+02  -5.2534e+02
   3.5114e+02  -3.5114e+02
   1.8745e+02  -1.8745e+02
   3.2297e+02  -3.2297e+02
  -1.9169e+02   1.9169e+02
   2.5917e+02  -2.5917e+02
  -1.0419e+02   1.0419e+02
   2.5220e+02  -2.5220e+02
  -2.3289e+02   2.3289e+02
  -2.3125e+00   2.3125e+00
   4.5026e+02  -4.5026e+02
   7.4204e+01  -7.4204e+01
   3.7528e+02  -3.7528e+02
   2.7346e+02  -2.7346e+02
   1.9537e+02  -1.9537e+02
  -3.7575e+01   3.7575e+01
   2.4766e+01  -2.4766e+01
   6.7487e+01  -6.7487e+01
  -1.6114e+02   1.6114e+02
  -2.2726e+01   2.2726e+01
  -7.8645e+01   7.8645e+01
  -1.1287e+02   1.1287e+02
  -5.8566e+00   5.8566e+00
   2.1938e+02  -2.1938e+02
   1.9672e+02  -1.9672e+02
   7.0080e+01  -7.0080e+01
   1.6025e+01  -1.6025e+01
   2.2668e+02  -2.2668e+02
  -2.9247e+01   2.9247e+01
   1.6664e+01  -1.6664e+01
   6.1759e+00  -6.1759e+00
   1.4193e+00  -1.4193e+00
   8.6850e+01  -8.6850e+01
  -3.6509e+00   3.6509e+00
  -1.5719e+02   1.5719e+02
  -9.0285e+02   9.0285e+02
  -1.2369e+02   1.2369e+02
   7.0673e+01  -7.0673e+01
   6.6696e+01  -6.6696e+01
   1.0906e+02  -1.0906e+02
  -1.6281e+02   1.6281e+02
  -5.6926e+01   5.6926e+01
   7.1305e+01  -7.1305e+01
  -2.3335e+02   2.3335e+02
  -1.7459e+02   1.7459e+02
  -2.1303e+02   2.1303e+02
   2.1860e+02  -2.1860e+02
  -5.8726e+02   5.8726e+02
   1.6777e+02  -1.6777e+02
   1.1329e+02  -1.1329e+02
  -3.3069e+02   3.3069e+02
  -9.8138e+01   9.8138e+01
  -1.1921e+02   1.1921e+02
  -3.6671e+02   3.6671e+02
  -1.3382e+02   1.3382e+02
   2.6290e+02  -2.6290e+02
   1.4871e+02  -1.4871e+02
   8.3945e+00  -8.3945e+00
  -2.8255e+01   2.8255e+01
  -4.2429e+01   4.2429e+01
  -3.4566e+02   3.4566e+02
  -1.8532e+02   1.8532e+02
   2.7438e+02  -2.7438e+02
  -4.1110e+02   4.1110e+02
  -1.9634e+02   1.9634e+02
   6.6510e+01  -6.6510e+01
  -6.0837e+01   6.0837e+01
  -2.6047e+02   2.6047e+02
  -3.6258e+01   3.6258e+01
   2.5999e+02  -2.5999e+02
  -4.7453e+02   4.7453e+02
   3.6617e+01  -3.6617e+01
  -5.5979e+02   5.5979e+02
   2.4027e+02  -2.4027e+02
   9.3458e+01  -9.3458e+01
  -2.0113e+02   2.0113e+02
   1.0228e+01  -1.0228e+01
  -9.9678e+01   9.9678e+01
   2.6031e+02  -2.6031e+02
  -6.3807e+01   6.3807e+01
  -3.1681e+02   3.1681e+02
   1.4531e+02  -1.4531e+02
  -1.6263e+02   1.6263e+02
  -6.1856e+02   6.1856e+02
   5.5304e+02  -5.5304e+02
   5.3983e+01  -5.3983e+01
   2.9285e+02  -2.9285e+02
  -3.5961e+00   3.5961e+00
  -9.3417e+01   9.3417e+01
  -3.2853e+02   3.2853e+02
  -6.2695e+01   6.2695e+01
   1.2384e+02  -1.2384e+02
   4.7032e+02  -4.7032e+02
  -2.9836e+02   2.9836e+02
   2.1695e+02  -2.1695e+02
  -2.4838e+02   2.4838e+02
  -2.3136e+02   2.3136e+02
   2.2219e+01  -2.2219e+01
   4.3674e+02  -4.3674e+02
  -2.0793e+02   2.0793e+02
   7.2048e+02  -7.2048e+02
  -1.5210e+02   1.5210e+02
   2.1155e+02  -2.1155e+02
   2.0667e+02  -2.0667e+02
   6.7937e+01  -6.7937e+01
  -2.7194e+02   2.7194e+02
   1.4361e+02  -1.4361e+02
   1.1924e+00  -1.1924e+00
   2.9319e+02  -2.9319e+02
  -2.0688e+02   2.0688e+02
   2.3725e+01  -2.3725e+01
   1.5149e+01  -1.5149e+01
  -3.5420e+02   3.5420e+02
  -4.0265e+02   4.0265e+02
   7.0348e+01  -7.0348e+01
   1.2086e+02  -1.2086e+02
   1.5165e+02  -1.5165e+02
  -5.3314e+01   5.3314e+01
  -1.7670e+02   1.7670e+02
  -5.3994e+01   5.3994e+01
  -1.9049e+02   1.9049e+02
   9.3492e+02  -9.3492e+02
  -2.0969e+02   2.0969e+02
  -9.2636e+00   9.2636e+00
  -1.1845e+01   1.1845e+01
   2.3862e+02  -2.3862e+02
   3.4241e+02  -3.4241e+02
  -8.1447e+01   8.1447e+01
   2.0285e+02  -2.0285e+02
  -1.3066e+02   1.3066e+02
  -1.8934e+02   1.8934e+02
  -5.9061e+01   5.9061e+01
   2.8888e+02  -2.8888e+02
   5.0113e+02  -5.0113e+02
   1.1676e+02  -1.1676e+02
   1.0874e+01  -1.0874e+01
  -1.5735e+02   1.5735e+02
   3.2782e+01  -3.2782e+01
  -5.1183e+01   5.1183e+01
   1.0869e+02  -1.0869e+02
  -5.4469e+02   5.4469e+02
   5.5729e+02  -5.5729e+02
  -4.1951e+01   4.1951e+01
  -4.1964e+01   4.1964e+01
  -1.7379e+02   1.7379e+02
   2.0763e+02  -2.0763e+02
  -1.0137e+02   1.0137e+02
   2.0805e+02  -2.0805e+02
  -1.9458e+02   1.9458e+02
  -8.3171e+01   8.3171e+01
   5.6565e+01  -5.6565e+01
   2.8381e+02  -2.8381e+02
   3.1569e+02  -3.1569e+02
   4.7221e+01  -4.7221e+01
   8.7463e+02  -8.7463e+02
   4.5538e+02  -4.5538e+02
  -3.5527e+02   3.5527e+02
   9.3597e+01  -9.3597e+01
  -1.5565e+02   1.5565e+02
  -3.3596e+02   3.3596e+02
   1.6928e+02  -1.6928e+02
  -1.0165e+02   1.0165e+02
  -3.5647e+02   3.5647e+02
  -6.9605e+01   6.9605e+01
  -1.7882e+02   1.7882e+02
  -2.7288e+02   2.7288e+02
   2.2103e+02  -2.2103e+02
  -1.5032e+02   1.5032e+02
  -8.1898e+01   8.1898e+01
   1.6381e+02  -1.6381e+02
  -9.2684e+01   9.2684e+01
   4.6395e+01  -4.6395e+01
  -7.6375e+01   7.6375e+01
   1.2981e+02  -1.2981e+02
  -3.3373e+02   3.3373e+02
  -1.5468e+02   1.5468e+02
  -6.4875e+01   6.4875e+01
   1.3468e+02  -1.3468e+02
  -1.3106e+02   1.3106e+02
  -3.4135e+02   3.4135e+02
  -4.3067e+01   4.3067e+01
  -1.3696e+02   1.3696e+02
   2.6359e+01  -2.6359e+01
  -5.1763e+02   5.1763e+02
  -1.2636e+02   1.2636e+02
  -7.8225e+01   7.8225e+01
   9.0463e+00  -9.0463e+00
  -1.2068e+02   1.2068e+02
  -1.7796e+02   1.7796e+02
   2.6933e+02  -2.6933e+02
  -1.0218e+02   1.0218e+02
   1.6967e+02  -1.6967e+02
  -4.5149e+02   4.5149e+02
  -1.1459e+02   1.1459e+02
  -6.8986e+00   6.8986e+00
  -1.7230e+02   1.7230e+02
  -1.9757e+02   1.9757e+02
  -1.1353e+01   1.1353e+01
   3.7658e+02  -3.7658e+02
   8.4362e+01  -8.4362e+01
   2.8493e+02  -2.8493e+02
   6.9730e+02  -6.9730e+02
  -4.6099e+01   4.6099e+01
   2.5829e+02  -2.5829e+02
  -2.1374e+02   2.1374e+02
   1.2416e+02  -1.2416e+02
  -2.8256e+01   2.8256e+01
  -4.0489e+01   4.0489e+01
   1.2165e+02  -1.2165e+02
  -6.0358e+02   6.0358e+02
  -2.0401e+02   2.0401e+02
  -4.0218e+02   4.0218e+02
  -4.1097e+00   4.1097e+00
   2.9245e+02  -2.9245e+02
  -5.3503e+02   5.3503e+02
   1.5485e+01  -1.5485e+01
   3.3301e+01  -3.3301e+01
  -5.4210e+02   5.4210e+02
  -2.0511e+02   2.0511e+02
  -6.2040e+01   6.2040e+01
   5.1388e+01  -5.1388e+01
   1.1062e+01  -1.1062e+01
  -5.2007e+02   5.2007e+02
  -3.0780e+02   3.0780e+02
   3.4558e+02  -3.4558e+02
  -7.9034e+01   7.9034e+01
   4.2463e+01  -4.2463e+01
  -2.9241e+02   2.9241e+02
   1.0067e+01  -1.0067e+01
  -1.5172e+02   1.5172e+02
  -3.3189e+02   3.3189e+02
  -2.2375e+02   2.2375e+02
   1.9432e+01  -1.9432e+01
  -2.7195e+02   2.7195e+02
   5.9184e+01  -5.9184e+01
   1.4086e+00  -1.4086e+00
   4.4748e+01  -4.4748e+01
  -3.1664e+02   3.1664e+02
  -2.4779e+02   2.4779e+02
   9.8828e+01  -9.8828e+01
  -1.0333e+02   1.0333e+02
  -1.0594e+02   1.0594e+02
  -2.0918e+01   2.0918e+01
  -5.4982e+02   5.4982e+02
   1.6913e+02  -1.6913e+02
   6.6621e+00  -6.6621e+00
   1.4389e+02  -1.4389e+02
   5.8823e+01  -5.8823e+01
  -1.1348e+02   1.1348e+02
  -5.0069e+01   5.0069e+01
   6.9060e+02  -6.9060e+02
  -5.8653e+01   5.8653e+01
  -5.6132e+01   5.6132e+01
   3.6451e+02  -3.6451e+02
  -2.7379e+02   2.7379e+02
  -4.0327e+01   4.0327e+01
  -1.6893e+01   1.6893e+01
   7.1992e+01  -7.1992e+01
  -2.6525e+02   2.6525e+02
   5.5726e+02  -5.5726e+02
  -7.1046e+01   7.1046e+01
   4.3094e+02  -4.3094e+02
   3.7490e+02  -3.7490e+02
  -2.3844e+02   2.3844e+02
   1.5080e+03  -1.5080e+03
  -5.5537e+02   5.5537e+02
   8.9165e+01  -8.9165e+01
   2.2983e+01  -2.2983e+01
   6.6032e+01  -6.6032e+01
  -5.8749e+02   5.8749e+02
  -2.2887e+02   2.2887e+02
  -7.3917e+01   7.3917e+01
  -8.1073e+01   8.1073e+01
  -2.4963e+02   2.4963e+02
  -6.0813e+01   6.0813e+01
   6.9830e+02  -6.9830e+02
  -3.4487e+02   3.4487e+02
   5.5045e+02  -5.5045e+02
  -6.6335e+01   6.6335e+01
   1.5324e+02  -1.5324e+02
  -8.8894e+01   8.8894e+01
   9.7996e+01  -9.7996e+01
  -3.9156e+02   3.9156e+02
  -1.7009e+01   1.7009e+01
  -2.5659e+02   2.5659e+02
  -1.3389e+02   1.3389e+02
  -3.4684e+02   3.4684e+02
   1.6723e+01  -1.6723e+01
  -5.3559e+01   5.3559e+01
  -3.0619e+02   3.0619e+02
   5.6158e+02  -5.6158e+02
   8.3051e+01  -8.3051e+01
   6.2994e+01  -6.2994e+01
   2.1173e+01  -2.1173e+01
   1.3208e+02  -1.3208e+02
  -1.7601e+02   1.7601e+02
   4.7742e+02  -4.7742e+02
  -1.4487e+02   1.4487e+02
   8.8859e+01  -8.8859e+01
   4.4507e+02  -4.4507e+02
  -4.1462e+02   4.1462e+02
  -3.7066e+01   3.7066e+01
  -2.1612e+01   2.1612e+01
  -2.9134e+02   2.9134e+02
  -1.5896e+02   1.5896e+02
  -4.2623e+01   4.2623e+01
   7.7168e+01  -7.7168e+01
   7.6444e+02  -7.6444e+02
  -2.7266e+02   2.7266e+02
  -3.2676e+02   3.2676e+02
  -2.7325e+02   2.7325e+02
  -8.7859e+01   8.7859e+01
  -6.1995e+01   6.1995e+01
   3.9552e+02  -3.9552e+02
  -1.4771e+02   1.4771e+02
   2.6470e+01  -2.6470e+01
   2.8581e+01  -2.8581e+01
  -6.8773e+02   6.8773e+02
   1.7046e+02  -1.7046e+02
  -2.9695e+02   2.9695e+02
   2.0312e+02  -2.0312e+02
  -2.3091e+02   2.3091e+02
   2.1283e+02  -2.1283e+02
   3.0476e+02  -3.0476e+02
  -2.7881e+02   2.7881e+02
  -1.5327e+02   1.5327e+02
  -1.9058e+02   1.9058e+02
   4.2603e+02  -4.2603e+02
  -1.9034e+01   1.9034e+01
   1.9101e+02  -1.9101e+02
   5.3571e+02  -5.3571e+02
  -2.1127e+01   2.1127e+01
   2.5885e+02  -2.5885e+02
  -1.1051e+02   1.1051e+02
   2.0674e+02  -2.0674e+02
   3.2000e+01  -3.2000e+01
  -3.6057e+01   3.6057e+01
  -4.4153e+02   4.4153e+02
   5.4861e+02  -5.4861e+02
  -1.3807e+02   1.3807e+02
   2.8175e+02  -2.8175e+02
  -1.1379e+02   1.1379e+02
  -2.1503e+02   2.1503e+02
   8.0497e+01  -8.0497e+01
  -3.3674e+02   3.3674e+02
  -1.4269e+02   1.4269e+02
   3.0100e+00  -3.0100e+00
   1.2506e+02  -1.2506e+02
   6.8245e+02  -6.8245e+02
   5.0098e+01  -5.0098e+01
   1.9766e+02  -1.9766e+02
   7.2326e+02  -7.2326e+02
   1.2108e+01  -1.2108e+01
   2.0069e+02  -2.0069e+02
  -1.0587e+02   1.0587e+02
  -1.0704e+02   1.0704e+02
  -1.0067e+02   1.0067e+02
  -4.3887e+01   4.3887e+01
   1.6082e+01  -1.6082e+01
   4.8441e+02  -4.8441e+02
   3.3227e+01  -3.3227e+01
   6.0595e+01  -6.0595e+01
   9.6936e+01  -9.6936e+01
  -1.2786e+02   1.2786e+02
  -3.1092e+02   3.1092e+02
   2.7727e+02  -2.7727e+02
  -2.1938e+02   2.1938e+02
   2.5317e+02  -2.5317e+02
   6.8214e+01  -6.8214e+01
  -2.7210e+02   2.7210e+02
   4.7316e+02  -4.7316e+02
  -8.9005e+01   8.9005e+01
   3.9942e+02  -3.9942e+02
   1.2548e+02  -1.2548e+02
   1.3350e+02  -1.3350e+02
  -1.3138e+01   1.3138e+01
   2.7036e+02  -2.7036e+02
  -1.8442e+02   1.8442e+02
   5.0563e+02  -5.0563e+02
   5.8009e+00  -5.8009e+00
   3.2644e+01  -3.2644e+01
  -2.4184e+02   2.4184e+02
  -5.2674e+01   5.2674e+01
  -2.8546e+02   2.8546e+02
   4.7597e+01  -4.7597e+01
   3.7262e+02  -3.7262e+02
   1.4267e+02  -1.4267e+02
  -1.8943e+02   1.8943e+02
   5.4843e+01  -5.4843e+01
  -1.3191e+02   1.3191e+02
  -1.4492e+02   1.4492e+02
   3.9281e+02  -3.9281e+02
   2.0411e+02  -2.0411e+02
  -5.4117e+02   5.4117e+02
  -2.7038e+02   2.7038e+02
  -1.1219e+02   1.1219e+02
  -2.7887e+02   2.7887e+02
   5.0980e+02  -5.0980e+02
  -1.3863e+02   1.3863e+02
   1.6815e+02  -1.6815e+02
  -3.3086e+02   3.3086e+02
  -7.1272e+01   7.1272e+01
  -2.7709e+02   2.7709e+02
   3.6064e+02  -3.6064e+02
   1.6501e+02  -1.6501e+02
  -2.2968e+02   2.2968e+02
   6.1082e+01  -6.1082e+01
  -4.4086e+01   4.4086e+01
  -5.7662e+01   5.7662e+01
  -9.8692e+01   9.8692e+01
  -3.5328e+01   3.5328e+01
  -1.2479e+02   1.2479e+02
   7.9462e+01  -7.9462e+01
   2.1911e+01  -2.1911e+01
  -1.5655e+02   1.5655e+02
  -2.2492e+01   2.2492e+01
  -9.5555e+01   9.5555e+01
  -9.2977e+01   9.2977e+01
   4.7424e+02  -4.7424e+02
  -4.5902e+00   4.5902e+00
   4.8249e+01  -4.8249e+01
   5.3046e+02  -5.3046e+02
  -2.1617e+02   2.1617e+02
   4.3737e+01  -4.3737e+01
  -1.8603e+02   1.8603e+02
   1.8922e+02  -1.8922e+02
   5.4790e+02  -5.4790e+02
  -6.6568e+01   6.6568e+01
   4.3742e+02  -4.3742e+02
   4.4814e+02  -4.4814e+02
  -1.3547e+02   1.3547e+02
   4.6449e+02  -4.6449e+02
  -5.7759e+01   5.7759e+01
   3.9030e+02  -3.9030e+02
   3.1582e+02  -3.1582e+02
  -4.7529e+00   4.7529e+00
  -1.0906e+02   1.0906e+02
  -9.0270e+01   9.0270e+01
  -5.8646e+01   5.8646e+01
  -2.9427e+02   2.9427e+02
   2.8487e+01  -2.8487e+01
   1.4348e+02  -1.4348e+02
   1.6006e+02  -1.6006e+02
  -2.2781e+02   2.2781e+02
   6.3772e+02  -6.3772e+02
  -2.3295e+02   2.3295e+02
   8.8081e-01  -8.8081e-01
   5.9637e+01  -5.9637e+01
  -9.8514e+01   9.8514e+01
   7.9459e+01  -7.9459e+01
   1.1880e+02  -1.1880e+02
   4.7253e+02  -4.7253e+02
  -2.9817e+02   2.9817e+02
   1.2338e+02  -1.2338e+02
   1.1438e+02  -1.1438e+02
   1.5003e+01  -1.5003e+01
  -1.4715e+02   1.4715e+02
   1.5281e+02  -1.5281e+02
   7.1955e+02  -7.1955e+02
  -1.5723e+01   1.5723e+01
   3.6892e+02  -3.6892e+02
  -8.8500e+00   8.8500e+00
  -1.6285e+02   1.6285e+02
  -1.4258e+00   1.4258e+00
   4.2804e+01  -4.2804e+01
   2.8218e+02  -2.8218e+02
   2.2164e+02  -2.2164e+02
  -1.8463e+02   1.8463e+02
  -2.4590e+02   2.4590e+02
  -6.8906e+01   6.8906e+01
  -6.2363e+01   6.2363e+01
  -1.5817e+02   1.5817e+02
  -4.5664e+02   4.5664e+02
  -7.7914e+01   7.7914e+01
   2.3663e+02  -2.3663e+02
  -3.6212e+01   3.6212e+01
  -8.2156e+01   8.2156e+01
  -4.4424e+02   4.4424e+02
  -2.3504e+01   2.3504e+01
  -4.4431e+02   4.4431e+02
   1.6765e+02  -1.6765e+02
  -3.0108e+01   3.0108e+01
  -1.0210e+02   1.0210e+02
   1.0822e+02  -1.0822e+02
   2.6719e+02  -2.6719e+02
   3.8108e+02  -3.8108e+02
   8.8733e+01  -8.8733e+01
   6.8329e+01  -6.8329e+01
   1.8226e+02  -1.8226e+02
  -1.1807e+02   1.1807e+02
  -1.4246e+02   1.4246e+02
   1.6681e+01  -1.6681e+01
  -9.4009e+00   9.4009e+00
  -1.0392e+02   1.0392e+02
   3.8998e+01  -3.8998e+01
  -1.1632e+02   1.1632e+02
  -1.0471e+02   1.0471e+02
  -1.4878e+02   1.4878e+02
   4.7809e+02  -4.7809e+02
  -3.0591e+02   3.0591e+02
   1.3979e+01  -1.3979e+01
  -3.5234e+02   3.5234e+02
  -4.2173e+01   4.2173e+01
  -4.2784e+02   4.2784e+02
   7.7379e+01  -7.7379e+01
  -4.1463e+01   4.1463e+01
   6.7275e+01  -6.7275e+01
  -4.1422e+01   4.1422e+01
  -8.5293e+01   8.5293e+01
  -3.4018e+02   3.4018e+02
   1.9889e+02  -1.9889e+02
  -7.1110e+01   7.1110e+01
   1.6237e+02  -1.6237e+02
   1.3366e+02  -1.3366e+02
  -2.9964e+02   2.9964e+02
  -4.8251e+02   4.8251e+02
  -2.4277e+02   2.4277e+02
  -2.6394e+02   2.6394e+02
  -2.4990e+00   2.4990e+00
   8.7067e+02  -8.7067e+02
  -4.9239e+01   4.9239e+01
   2.1335e+02  -2.1335e+02
  -4.4066e+01   4.4066e+01
   5.3397e+01  -5.3397e+01
  -2.7519e+01   2.7519e+01
   2.0600e+02  -2.0600e+02
  -8.3412e+01   8.3412e+01
   2.3004e+02  -2.3004e+02
   1.2916e+02  -1.2916e+02
  -4.7861e+00   4.7861e+00
  -2.8400e+02   2.8400e+02
  -5.6651e+01   5.6651e+01
  -1.6988e+02   1.6988e+02
   1.6333e+02  -1.6333e+02
   2.3614e+02  -2.3614e+02
  -9.6806e+01   9.6806e+01
   1.4969e+02  -1.4969e+02
   2.9849e+02  -2.9849e+02
  -2.3656e+02   2.3656e+02
   3.2688e+02  -3.2688e+02
  -3.0301e+01   3.0301e+01
   5.9601e+01  -5.9601e+01
   2.8655e+01  -2.8655e+01
  -1.9067e+02   1.9067e+02
  -2.1253e+02   2.1253e+02
  -3.9294e+02   3.9294e+02
   3.6959e+02  -3.6959e+02
   4.5085e+01  -4.5085e+01
   2.6358e+01  -2.6358e+01
   1.1570e+02  -1.1570e+02
  -1.9281e+02   1.9281e+02
   4.2459e+01  -4.2459e+01
   5.5070e+02  -5.5070e+02
  -2.2959e+02   2.2959e+02
   9.0681e+01  -9.0681e+01
  -1.3128e+02   1.3128e+02
  -2.0289e+02   2.0289e+02
  -3.6027e+01   3.6027e+01
   2.0134e+01  -2.0134e+01
   1.3426e+01  -1.3426e+01
  -9.4768e+00   9.4768e+00
   1.2130e+02  -1.2130e+02
   7.1371e+01  -7.1371e+01
   2.3322e+02  -2.3322e+02
  -1.6202e+02   1.6202e+02
   4.4681e+02  -4.4681e+02
  -1.4221e+01   1.4221e+01
   3.5086e+01  -3.5086e+01
   2.6472e+01  -2.6472e+01
  -2.3965e+02   2.3965e+02
   2.3930e+02  -2.3930e+02
  -1.9582e+02   1.9582e+02
  -2.8082e+02   2.8082e+02
  -1.6056e+02   1.6056e+02
  -1.0893e+02   1.0893e+02
  -7.4730e+00   7.4730e+00
   2.3415e+02  -2.3415e+02
  -2.5918e+02   2.5918e+02
  -2.3177e+02   2.3177e+02
   1.2894e+01  -1.2894e+01
  -1.0965e+02   1.0965e+02
  -8.6465e+01   8.6465e+01
  -1.0635e+02   1.0635e+02
  -1.0400e+02   1.0400e+02
  -2.1159e+02   2.1159e+02
  -1.8014e+01   1.8014e+01
  -1.3669e+02   1.3669e+02
   1.6767e+01  -1.6767e+01
   2.2641e+01  -2.2641e+01
  -1.6987e+02   1.6987e+02
  -1.6731e+02   1.6731e+02
  -1.7984e+02   1.7984e+02
  -9.6158e+01   9.6158e+01
  -1.0275e+02   1.0275e+02
   3.8110e+02  -3.8110e+02
  -1.1790e+02   1.1790e+02
   1.1605e+02  -1.1605e+02
   2.4920e+02  -2.4920e+02
  -8.6393e+02   8.6393e+02
  -3.5789e+01   3.5789e+01
   3.6770e+01  -3.6770e+01
  -2.8482e+02   2.8482e+02
  -4.4756e+01   4.4756e+01
  -1.6862e+02   1.6862e+02
  -3.0346e+01   3.0346e+01
   6.5069e+01  -6.5069e+01
  -1.4544e+02   1.4544e+02
  -3.4074e+02   3.4074e+02
  -2.3357e+02   2.3357e+02
   1.2502e+02  -1.2502e+02
   3.0485e+02  -3.0485e+02
  -2.4152e+02   2.4152e+02
   7.2084e+01  -7.2084e+01
  -4.7094e+02   4.7094e+02
  -1.4473e+02   1.4473e+02
  -7.8423e+01   7.8423e+01
  -2.6447e+02   2.6447e+02
   7.2271e+01  -7.2271e+01
   8.3808e+01  -8.3808e+01
   2.1044e+01  -2.1044e+01
  -1.3253e+02   1.3253e+02
   6.9407e+02  -6.9407e+02
   8.7441e+00  -8.7441e+00
   3.6660e+02  -3.6660e+02
  -3.1850e+02   3.1850e+02
   3.1315e+02  -3.1315e+02
   4.9259e+01  -4.9259e+01
  -3.3841e+02   3.3841e+02
   1.6142e+02  -1.6142e+02
   2.7488e+02  -2.7488e+02
   1.1192e+01  -1.1192e+01
  -2.9080e+02   2.9080e+02
   1.6336e+02  -1.6336e+02
   2.1312e+02  -2.1312e+02
  -3.5952e+01   3.5952e+01
  -8.5586e+01   8.5586e+01
  -2.2055e+02   2.2055e+02
  -1.4433e+02   1.4433e+02
  -2.0608e+01   2.0608e+01
  -3.8426e+01   3.8426e+01
   7.7006e-01  -7.7006e-01
  -3.5230e+01   3.5230e+01
   3.5426e+02  -3.5426e+02
   2.0762e+02  -2.0762e+02
  -1.6048e+02   1.6048e+02
  -1.3145e+02   1.3145e+02
  -2.0202e+02   2.0202e+02
  -1.4565e+02   1.4565e+02
  -1.7819e+02   1.7819e+02
   1.8389e+02  -1.8389e+02
   4.9591e+01  -4.9591e+01
  -3.7085e+02   3.7085e+02
  -1.7847e+02   1.7847e+02
   4.2332e+01  -4.2332e+01
   3.4189e+02  -3.4189e+02
  -2.4533e+02   2.4533e+02
   3.3732e+01  -3.3732e+01
  -2.8695e+02   2.8695e+02
   3.2362e+02  -3.2362e+02
   2.2920e+02  -2.2920e+02
  -1.1319e+02   1.1319e+02
  -3.0188e+02   3.0188e+02
   6.1232e+02  -6.1232e+02
  -1.4244e+02   1.4244e+02
  -1.1654e+00   1.1654e+00
   1.7899e+02  -1.7899e+02
   3.2193e+01  -3.2193e+01
   9.5983e+01  -9.5983e+01
   2.1760e+02  -2.1760e+02
  -1.3479e+02   1.3479e+02
   6.7298e+01  -6.7298e+01
  -2.9790e+02   2.9790e+02
  -1.6670e+02   1.6670e+02
  -5.7794e+01   5.7794e+01
  -1.6285e+02   1.6285e+02
   6.0831e+00  -6.0831e+00
  -1.3848e+02   1.3848e+02
  -8.7976e+01   8.7976e+01
  -4.0320e+01   4.0320e+01
  -2.9346e+02   2.9346e+02
   7.5754e+01  -7.5754e+01
  -8.9887e+01   8.9887e+01
   1.0935e+02  -1.0935e+02
  -3.3115e+02   3.3115e+02
   3.7188e+01  -3.7188e+01
  -1.9010e+02   1.9010e+02
  -3.1848e+02   3.1848e+02
   3.7131e+02  -3.7131e+02
  -1.7904e+02   1.7904e+02
   6.0849e+01  -6.0849e+01
  -2.2024e+01   2.2024e+01
  -1.5339e+02   1.5339e+02
   1.1822e+02  -1.1822e+02
   4.5394e+01  -4.5394e+01
   1.8187e+01  -1.8187e+01
  -6.2122e+01   6.2122e+01
  -1.9799e+02   1.9799e+02
   7.7184e+00  -7.7184e+00
  -2.1413e+02   2.1413e+02
  -3.9563e+01   3.9563e+01
  -3.9361e+02   3.9361e+02
  -4.5204e+00   4.5204e+00
   1.2679e+02  -1.2679e+02
  -3.6250e+01   3.6250e+01
  -5.7280e-02   5.7280e-02
   3.1599e+02  -3.1599e+02
  -2.0579e+02   2.0579e+02
  -5.5565e+01   5.5565e+01
   3.0304e+02  -3.0304e+02
  -1.5045e+01   1.5045e+01
   4.0265e+02  -4.0265e+02
  -1.8803e+02   1.8803e+02
   8.6684e+01  -8.6684e+01
  -1.2093e+02   1.2093e+02
   3.8662e+01  -3.8662e+01
  -1.0898e+02   1.0898e+02
  -4.7670e+01   4.7670e+01
  -6.3960e+01   6.3960e+01
  -8.8006e+00   8.8006e+00
  -2.0790e+02   2.0790e+02
  -2.0342e+01   2.0342e+01
  -4.0882e+01   4.0882e+01
  -1.0224e+02   1.0224e+02
  -3.9761e+02   3.9761e+02
   6.1468e+02  -6.1468e+02
  -1.2386e+02   1.2386e+02
  -7.5696e+01   7.5696e+01
  -1.2795e+02   1.2795e+02
   1.0684e+02  -1.0684e+02
  -1.0703e+02   1.0703e+02
  -1.1898e+02   1.1898e+02
   9.5793e+00  -9.5793e+00
   1.5725e+02  -1.5725e+02
   5.5143e+01  -5.5143e+01
  -8.8348e+01   8.8348e+01
   8.5858e+01  -8.5858e+01
   4.2099e+02  -4.2099e+02
  -1.6238e+02   1.6238e+02
  -2.0716e+01   2.0716e+01
   1.5631e+02  -1.5631e+02
   5.4601e+01  -5.4601e+01
  -8.6274e+01   8.6274e+01
  -1.7319e+02   1.7319e+02
   3.2915e+02  -3.2915e+02
  -7.0566e+02   7.0566e+02
  -3.7355e+02   3.7355e+02
   1.2746e+02  -1.2746e+02
  -9.2507e+02   9.2507e+02
   1.1138e+01  -1.1138e+01
  -3.2163e+01   3.2163e+01
  -1.2390e+02   1.2390e+02
  -2.0457e+01   2.0457e+01
   1.5448e+01  -1.5448e+01
   3.9425e+01  -3.9425e+01
  -8.4380e+01   8.4380e+01
   5.7508e+01  -5.7508e+01
  -6.2142e+01   6.2142e+01
  -5.5831e+01   5.5831e+01
  -2.4043e+02   2.4043e+02
  -3.3374e+02   3.3374e+02
   2.7043e+02  -2.7043e+02
  -4.0230e+01   4.0230e+01
   9.5202e+01  -9.5202e+01
  -1.4140e+02   1.4140e+02
  -3.9963e+02   3.9963e+02
   2.4035e+02  -2.4035e+02
  -8.3878e+01   8.3878e+01
   9.4420e+02  -9.4420e+02
  -6.9051e+02   6.9051e+02
  -8.4040e+01   8.4040e+01
   1.8735e+02  -1.8735e+02
   2.6544e+02  -2.6544e+02
  -2.6248e+02   2.6248e+02
  -3.7248e+01   3.7248e+01
  -2.8727e+02   2.8727e+02
  -4.9037e+01   4.9037e+01
  -2.4791e+02   2.4791e+02
  -2.3451e+02   2.3451e+02
  -1.1227e+02   1.1227e+02
  -4.2293e+01   4.2293e+01
  -4.5219e+01   4.5219e+01
  -2.9732e+01   2.9732e+01
  -1.9935e+02   1.9935e+02
   3.2843e+02  -3.2843e+02
  -3.5690e+02   3.5690e+02
   7.1011e+02  -7.1011e+02
  -2.4469e+02   2.4469e+02
  -1.7411e+01   1.7411e+01
  -3.0803e+02   3.0803e+02
   9.7645e+01  -9.7645e+01
   9.4202e+01  -9.4202e+01
  -1.5602e+02   1.5602e+02
  -2.0171e+02   2.0171e+02
  -5.9435e+02   5.9435e+02
  -7.5112e+01   7.5112e+01
   3.4562e+02  -3.4562e+02
  -3.7212e+02   3.7212e+02
   3.7626e+02  -3.7626e+02
  -3.7341e+01   3.7341e+01
   1.3179e+00  -1.3179e+00
   3.5025e+01  -3.5025e+01
   1.4625e+02  -1.4625e+02
  -2.0091e+02   2.0091e+02
   2.4967e+01  -2.4967e+01
   1.2109e+02  -1.2109e+02
  -3.2631e+01   3.2631e+01
   4.3933e+02  -4.3933e+02
   2.8893e+02  -2.8893e+02
   4.5955e+02  -4.5955e+02
  -5.6120e+01   5.6120e+01
  -3.0108e+02   3.0108e+02
  -1.8626e+02   1.8626e+02
   5.9962e+01  -5.9962e+01
   3.8480e+02  -3.8480e+02
   1.2046e+02  -1.2046e+02
  -1.0138e+02   1.0138e+02
   1.8503e+01  -1.8503e+01
   4.0893e+01  -4.0893e+01
   3.4046e+02  -3.4046e+02
  -3.4298e+02   3.4298e+02
   1.1781e+02  -1.1781e+02
  -2.2985e+02   2.2985e+02
  -5.4096e+01   5.4096e+01
   9.8978e+01  -9.8978e+01
   1.2083e+02  -1.2083e+02
  -1.8256e+02   1.8256e+02
  -2.0511e+02   2.0511e+02
   6.9417e+01  -6.9417e+01
  -3.1731e+02   3.1731e+02
  -6.0861e+01   6.0861e+01
   3.6166e+02  -3.6166e+02
  -1.8535e+02   1.8535e+02
   3.5537e+02  -3.5537e+02
   6.2465e+01  -6.2465e+01
  -2.7908e+02   2.7908e+02
  -4.0655e+02   4.0655e+02
   7.1101e+01  -7.1101e+01
  -2.0895e+02   2.0895e+02
  -1.8003e+02   1.8003e+02
  -1.3890e+02   1.3890e+02
  -2.4202e+01   2.4202e+01
   4.2700e+02  -4.2700e+02
   9.2008e+02  -9.2008e+02
   6.8647e+01  -6.8647e+01
  -2.5727e+01   2.5727e+01
   5.7799e+02  -5.7799e+02
  -3.7067e+02   3.7067e+02
   1.6532e+02  -1.6532e+02
  -1.3228e+02   1.3228e+02
  -9.0253e+01   9.0253e+01
   5.1766e+02  -5.1766e+02
  -1.3315e+02   1.3315e+02
  -5.7702e+02   5.7702e+02
   8.9991e+00  -8.9991e+00
  -4.0732e+02   4.0732e+02
  -1.6548e+02   1.6548e+02
  -8.3397e+01   8.3397e+01
   8.5038e+01  -8.5038e+01
  -5.6013e+01   5.6013e+01
  -1.0006e+02   1.0006e+02
  -2.8960e+02   2.8960e+02
   4.1004e+01  -4.1004e+01
   3.1289e+02  -3.1289e+02
   3.0321e+02  -3.0321e+02
   1.0728e+02  -1.0728e+02
   2.0229e+02  -2.0229e+02
   2.1112e+02  -2.1112e+02
   2.5278e+02  -2.5278e+02
  -1.0483e+02   1.0483e+02
  -2.7102e+02   2.7102e+02
  -2.3304e+02   2.3304e+02
  -1.5066e+02   1.5066e+02
  -1.1773e+02   1.1773e+02
  -9.1437e+01   9.1437e+01
   5.6756e+01  -5.6756e+01
  -7.8593e+02   7.8593e+02
   2.0010e+02  -2.0010e+02
   3.0328e+02  -3.0328e+02
  -3.9862e+02   3.9862e+02
   4.1223e+02  -4.1223e+02
  -1.1447e+02   1.1447e+02
  -1.8838e+02   1.8838e+02
  -8.2857e+01   8.2857e+01
   3.8686e+00  -3.8686e+00
   1.1314e+02  -1.1314e+02
  -7.8969e+02   7.8969e+02
   1.3820e+02  -1.3820e+02
  -5.1393e+02   5.1393e+02
   6.2308e+02  -6.2308e+02
  -7.8569e+01   7.8569e+01
  -4.6112e+02   4.6112e+02
  -4.3765e+01   4.3765e+01
  -4.8227e+01   4.8227e+01
  -4.8961e+02   4.8961e+02
   1.7049e+02  -1.7049e+02
  -1.0077e+02   1.0077e+02
   9.2959e+01  -9.2959e+01
  -3.1968e+02   3.1968e+02
  -1.4505e+02   1.4505e+02
  -2.8052e+01   2.8052e+01
   4.0434e+02  -4.0434e+02
   9.2026e+01  -9.2026e+01
   4.5535e+02  -4.5535e+02
   8.4341e+01  -8.4341e+01
   2.7643e+02  -2.7643e+02
   2.0483e+02  -2.0483e+02
  -2.2644e+02   2.2644e+02
  -2.1400e+01   2.1400e+01
  -1.3286e+02   1.3286e+02
  -4.7858e+01   4.7858e+01
  -3.0709e+01   3.0709e+01
  -9.3030e+01   9.3030e+01
  -2.3233e+01   2.3233e+01
  -1.0543e+02   1.0543e+02
   5.7600e+01  -5.7600e+01
  -5.2613e+01   5.2613e+01
   1.3917e+02  -1.3917e+02
  -4.7425e+01   4.7425e+01
   2.4555e+02  -2.4555e+02
  -6.0851e+02   6.0851e+02
   8.3587e+01  -8.3587e+01
  -4.0989e+01   4.0989e+01
  -3.8570e+02   3.8570e+02
   3.0605e+01  -3.0605e+01
   1.5984e+02  -1.5984e+02
  -4.0783e+01   4.0783e+01
   5.3395e+01  -5.3395e+01
  -1.6674e+02   1.6674e+02
   1.5948e+03  -1.5948e+03
   5.0335e+02  -5.0335e+02
  -1.2072e+02   1.2072e+02
   8.5570e+01  -8.5570e+01
   6.7507e+02  -6.7507e+02
  -3.1415e+02   3.1415e+02
  -1.3667e+02   1.3667e+02
  -2.2298e+02   2.2298e+02
   1.4045e+02  -1.4045e+02
  -2.4602e+01   2.4602e+01
   2.3885e+02  -2.3885e+02
  -1.0183e+01   1.0183e+01
  -3.3856e+01   3.3856e+01
  -2.1819e+02   2.1819e+02
  -2.8136e+02   2.8136e+02
  -4.3514e+01   4.3514e+01
  -3.1374e+01   3.1374e+01
   1.5076e+02  -1.5076e+02
   1.2491e+02  -1.2491e+02
   6.1905e+02  -6.1905e+02
  -1.8606e+02   1.8606e+02
  -5.7319e+01   5.7319e+01
  -3.9927e+02   3.9927e+02
   7.3281e+01  -7.3281e+01
  -6.5233e+01   6.5233e+01
   2.9852e+02  -2.9852e+02
  -6.3233e+01   6.3233e+01
   2.5187e+02  -2.5187e+02
   2.7561e+01  -2.7561e+01
   2.9327e+02  -2.9327e+02
  -3.1024e+02   3.1024e+02
  -2.1607e+01   2.1607e+01
   5.9186e+01  -5.9186e+01
  -2.0131e+02   2.0131e+02
   1.2285e+02  -1.2285e+02
   5.7803e+01  -5.7803e+01
  -1.8627e+02   1.8627e+02
   3.0783e+01  -3.0783e+01
  -1.9440e+01   1.9440e+01
   6.5696e+01  -6.5696e+01
  -3.3594e+02   3.3594e+02
   5.4228e+00  -5.4228e+00
  -6.1326e+02   6.1326e+02
   5.5852e+01  -5.5852e+01
  -1.2969e+02   1.2969e+02
  -2.5106e+02   2.5106e+02
  -7.5385e+01   7.5385e+01
  -7.4880e+01   7.4880e+01
  -1.7413e+02   1.7413e+02
  -3.7191e+01   3.7191e+01
  -6.0975e+01   6.0975e+01
  -6.8332e+02   6.8332e+02
  -1.2348e+02   1.2348e+02
  -2.1951e+02   2.1951e+02
  -1.9372e+02   1.9372e+02
  -1.4919e+01   1.4919e+01
   5.1296e+01  -5.1296e+01
   9.6268e+00  -9.6268e+00
   3.2609e+02  -3.2609e+02
  -1.9415e+02   1.9415e+02
   3.5594e+02  -3.5594e+02
   8.1581e+01  -8.1581e+01
   3.4436e+02  -3.4436e+02
   2.3241e+02  -2.3241e+02
   1.4370e+02  -1.4370e+02
  -2.2217e+02   2.2217e+02
   7.6335e+01  -7.6335e+01
  -6.7436e+01   6.7436e+01
  -2.5394e+01   2.5394e+01
   4.5421e+02  -4.5421e+02
   9.7318e+02  -9.7318e+02
  -3.8056e+02   3.8056e+02
   1.9655e+02  -1.9655e+02
   1.2961e+02  -1.2961e+02
   5.4433e+02  -5.4433e+02
  -2.2508e+02   2.2508e+02
   1.5230e+02  -1.5230e+02
  -3.5030e+01   3.5030e+01
   1.3542e+02  -1.3542e+02
  -6.0020e+02   6.0020e+02
   4.6721e+02  -4.6721e+02
  -1.7599e+02   1.7599e+02
   2.4116e+02  -2.4116e+02
   1.4053e+02  -1.4053e+02
  -1.0900e+02   1.0900e+02
   8.2650e+02  -8.2650e+02
   4.4762e+01  -4.4762e+01
  -2.9560e+01   2.9560e+01
  -2.8197e+02   2.8197e+02
  -1.2214e+02   1.2214e+02
  -1.0062e+02   1.0062e+02
   4.7546e+01  -4.7546e+01
  -1.8184e+02   1.8184e+02
  -2.0503e+01   2.0503e+01
  -4.7895e+00   4.7895e+00
   1.8335e+02  -1.8335e+02
  -3.1497e+02   3.1497e+02
   2.6098e+02  -2.6098e+02
   2.6281e+02  -2.6281e+02
  -4.5352e+02   4.5352e+02
  -2.1399e+02   2.1399e+02
   8.2636e+01  -8.2636e+01
  -1.4095e+02   1.4095e+02
   6.9337e+02  -6.9337e+02
  -1.2545e+02   1.2545e+02
  -1.8328e+02   1.8328e+02
  -4.3821e+02   4.3821e+02
   6.3216e+01  -6.3216e+01
   2.2144e+02  -2.2144e+02
  -3.1678e+02   3.1678e+02
   3.0189e+01  -3.0189e+01
   4.3992e+02  -4.3992e+02
  -7.4598e+01   7.4598e+01
   9.6382e+01  -9.6382e+01
   1.1112e+02  -1.1112e+02
  -2.6775e+02   2.6775e+02
  -1.0426e+02   1.0426e+02
   4.8942e+02  -4.8942e+02
  -1.7400e+01   1.7400e+01
  -4.7989e+01   4.7989e+01
   8.2940e+01  -8.2940e+01
  -3.6232e+02   3.6232e+02
   6.4013e+01  -6.4013e+01
  -1.6020e+02   1.6020e+02
  -3.2521e+02   3.2521e+02
  -2.1610e+02   2.1610e+02
   4.2798e+02  -4.2798e+02
  -1.8647e+02   1.8647e+02
   3.4158e+02  -3.4158e+02
   9.5250e+01  -9.5250e+01
   1.0785e+02  -1.0785e+02
   1.4531e+02  -1.4531e+02
  -9.2722e+01   9.2722e+01
   4.0661e+02  -4.0661e+02
  -3.2949e+02   3.2949e+02
  -1.6814e+02   1.6814e+02
  -2.0315e+02   2.0315e+02
  -4.2872e+02   4.2872e+02
   2.0263e+02  -2.0263e+02
  -4.5248e+01   4.5248e+01
  -1.1288e+02   1.1288e+02
  -9.0689e+01   9.0689e+01
   7.2312e+01  -7.2312e+01
  -2.5912e+02   2.5912e+02
   4.1549e+01  -4.1549e+01
  -1.7526e+02   1.7526e+02
  -3.4001e+02   3.4001e+02
   2.5318e+02  -2.5318e+02
  -1.1643e+02   1.1643e+02
  -5.1008e+02   5.1008e+02
  -3.0610e+02   3.0610e+02
  -1.6403e+02   1.6403e+02
   2.6618e+02  -2.6618e+02
  -2.1106e+02   2.1106e+02
  -6.2215e+01   6.2215e+01
   2.6393e+02  -2.6393e+02
   4.1405e+02  -4.1405e+02
   2.4322e+00  -2.4322e+00
  -2.2749e+02   2.2749e+02
  -1.6266e+02   1.6266e+02
  -1.7370e+02   1.7370e+02
   2.8118e+02  -2.8118e+02
  -1.1598e+02   1.1598e+02
   1.5842e+02  -1.5842e+02
   7.8114e+01  -7.8114e+01
   7.5747e+01  -7.5747e+01
   1.4138e+02  -1.4138e+02
   1.9479e+02  -1.9479e+02
  -1.4679e+02   1.4679e+02
  -1.7909e+02   1.7909e+02
   8.1962e+01  -8.1962e+01
  -8.0353e+01   8.0353e+01
   6.6606e+01  -6.6606e+01
   7.6754e+01  -7.6754e+01
   1.6428e+02  -1.6428e+02
  -1.2902e+02   1.2902e+02
   8.3010e+01  -8.3010e+01
   6.6792e+02  -6.6792e+02
   1.3562e+01  -1.3562e+01
   4.0229e+02  -4.0229e+02
  -1.2439e+02   1.2439e+02
   7.7399e+01  -7.7399e+01
  -5.7695e+02   5.7695e+02
   1.2747e+01  -1.2747e+01
  -1.8271e+02   1.8271e+02
  -2.8010e+02   2.8010e+02
   6.6871e+02  -6.6871e+02
   8.6342e+01  -8.6342e+01
  -7.6933e+01   7.6933e+01
   4.2474e+01  -4.2474e+01
   1.7529e+02  -1.7529e+02
  -6.6653e+00   6.6653e+00
   9.1160e+02  -9.1160e+02
  -2.0245e+02   2.0245e+02
  -6.3746e+01   6.3746e+01
  -3.8190e+01   3.8190e+01
   3.9342e+02  -3.9342e+02
  -4.3124e+02   4.3124e+02
   2.8547e+02  -2.8547e+02
   4.8310e+02  -4.8310e+02
   9.0177e+01  -9.0177e+01
   1.9335e+02  -1.9335e+02
  -4.8992e+01   4.8992e+01
   2.4123e+02  -2.4123e+02
   3.1008e+02  -3.1008e+02
  -3.4481e+02   3.4481e+02
   2.6454e+02  -2.6454e+02
  -2.3496e+02   2.3496e+02
   5.0217e+02  -5.0217e+02
  -9.1327e+01   9.1327e+01
   2.1255e+02  -2.1255e+02
  -3.4341e+02   3.4341e+02
  -1.4789e+02   1.4789e+02
   8.6697e+01  -8.6697e+01
   6.5496e+02  -6.5496e+02
  -1.2667e+02   1.2667e+02
   3.1619e+02  -3.1619e+02
  -7.4403e+01   7.4403e+01
   1.1406e+02  -1.1406e+02
   2.4742e+02  -2.4742e+02
  -1.7780e+02   1.7780e+02
   5.3380e+02  -5.3380e+02
   1.2945e+02  -1.2945e+02
   1.4096e+02  -1.4096e+02
   6.0635e+00  -6.0635e+00
   4.0487e+01  -4.0487e+01
  -1.6089e+01   1.6089e+01
  -1.2092e+02   1.2092e+02
   4.7422e+02  -4.7422e+02
   2.8687e+02  -2.8687e+02
  -4.5505e+00   4.5505e+00
   3.9523e+02  -3.9523e+02
  -1.2497e+02   1.2497e+02
   1.3742e+00  -1.3742e+00
   7.2160e+01  -7.2160e+01
   7.1633e+01  -7.1633e+01
  -4.4984e+01   4.4984e+01
  -1.8115e+02   1.8115e+02
   2.3169e+02  -2.3169e+02
   4.3941e+02  -4.3941e+02
  -1.2814e+02   1.2814e+02
  -2.1904e+02   2.1904e+02
   2.7773e+02  -2.7773e+02
  -2.7056e+01   2.7056e+01
   5.7562e+01  -5.7562e+01
   1.1805e+02  -1.1805e+02
  -4.1231e+01   4.1231e+01
   2.3058e+02  -2.3058e+02
  -2.2231e+02   2.2231e+02
   1.9285e+01  -1.9285e+01
  -5.3381e+02   5.3381e+02
   2.4104e+02  -2.4104e+02
   6.0448e+02  -6.0448e+02
   1.2655e+02  -1.2655e+02
  -5.0020e+01   5.0020e+01
  -2.4035e+02   2.4035e+02
  -1.2749e+02   1.2749e+02
  -1.4184e+02   1.4184e+02
  -1.6335e+02   1.6335e+02
  -2.2276e+02   2.2276e+02
  -4.3640e+02   4.3640e+02
  -2.1386e+02   2.1386e+02
   2.0300e+02  -2.0300e+02
  -8.7330e+01   8.7330e+01
  -6.2357e+01   6.2357e+01
  -8.7072e+01   8.7072e+01
   1.0790e+02  -1.0790e+02
   3.5721e+02  -3.5721e+02
  -4.1228e+01   4.1228e+01
  -2.4280e+02   2.4280e+02
   1.4428e+02  -1.4428e+02
   1.4317e+02  -1.4317e+02
  -1.2538e+02   1.2538e+02
   2.2452e+02  -2.2452e+02
  -1.5503e+02   1.5503e+02
  -1.6817e+02   1.6817e+02
  -3.3539e+01   3.3539e+01
  -2.4850e+02   2.4850e+02
   7.7478e+01  -7.7478e+01
  -3.4589e+02   3.4589e+02
  -5.8418e+02   5.8418e+02
   1.2973e+02  -1.2973e+02
  -3.6428e+01   3.6428e+01
   6.0434e+02  -6.0434e+02
  -2.8267e+02   2.8267e+02
  -1.4267e+02   1.4267e+02
   2.0106e+02  -2.0106e+02
   2.4794e+02  -2.4794e+02
  -4.4513e+01   4.4513e+01
  -2.3394e+02   2.3394e+02
  -2.4588e+02   2.4588e+02
  -3.3052e+02   3.3052e+02
   1.0517e+02  -1.0517e+02
  -7.5307e+01   7.5307e+01
  -1.7589e+02   1.7589e+02
   1.5618e+02  -1.5618e+02
   9.5921e+01  -9.5921e+01
   1.8380e+02  -1.8380e+02
  -7.0107e+01   7.0107e+01
   4.3765e+02  -4.3765e+02
   3.3839e+02  -3.3839e+02
   1.7095e+02  -1.7095e+02
   2.4931e+01  -2.4931e+01
   8.8702e+01  -8.8702e+01
   8.8185e+01  -8.8185e+01
   2.2372e+01  -2.2372e+01
  -1.3603e+02   1.3603e+02
   3.1491e+02  -3.1491e+02
   9.8283e+01  -9.8283e+01
  -3.5405e+02   3.5405e+02
   2.4908e+02  -2.4908e+02
   1.6757e+00  -1.6757e+00
   1.6404e+02  -1.6404e+02
  -9.3227e+01   9.3227e+01
   4.7077e+01  -4.7077e+01
   3.4397e+01  -3.4397e+01
  -6.5426e+00   6.5426e+00
   4.4380e+01  -4.4380e+01
  -2.5534e+02   2.5534e+02
   1.5365e+02  -1.5365e+02
   1.6627e+01  -1.6627e+01
  -3.2022e+02   3.2022e+02
  -1.3271e+02   1.3271e+02
  -1.9979e+02   1.9979e+02
  -7.7868e+01   7.7868e+01
   2.0098e+02  -2.0098e+02
  -1.6030e+02   1.6030e+02
  -4.3012e+02   4.3012e+02
  -4.1604e+01   4.1604e+01
  -2.5492e+02   2.5492e+02
  -1.9658e+02   1.9658e+02
  -2.5345e+01   2.5345e+01
  -4.1594e+02   4.1594e+02
   1.8401e+02  -1.8401e+02
   1.0853e+01  -1.0853e+01
   5.2196e+01  -5.2196e+01
   5.6727e+01  -5.6727e+01
  -8.1935e+01   8.1935e+01
  -7.8257e+01   7.8257e+01
   1.0575e+02  -1.0575e+02
   6.2788e+02  -6.2788e+02
  -5.5852e+01   5.5852e+01
  -7.7682e+01   7.7682e+01
   9.7986e+01  -9.7986e+01
   1.5518e+02  -1.5518e+02
   7.5321e+01  -7.5321e+01
   1.2637e+02  -1.2637e+02
  -9.6132e+01   9.6132e+01
   2.6837e+02  -2.6837e+02
  -3.2997e+01   3.2997e+01
   7.2561e+01  -7.2561e+01
  -1.0074e+02   1.0074e+02
  -2.1434e+02   2.1434e+02
  -3.5012e+02   3.5012e+02
   2.2952e+02  -2.2952e+02
  -2.2805e+02   2.2805e+02
  -2.0164e+02   2.0164e+02
  -2.8438e+01   2.8438e+01
  -6.0527e+02   6.0527e+02
   7.5211e+01  -7.5211e+01
   1.9834e+02  -1.9834e+02
  -6.7954e+01   6.7954e+01
   1.4523e+02  -1.4523e+02
  -1.6208e+02   1.6208e+02
   8.3237e+01  -8.3237e+01
  -1.6149e+02   1.6149e+02
  -1.1683e+02   1.1683e+02
  -1.1839e+01   1.1839e+01
  -2.7786e+02   2.7786e+02
  -3.3627e+01   3.3627e+01
  -8.9338e+01   8.9338e+01
   7.4238e+02  -7.4238e+02
   2.0764e+02  -2.0764e+02
  -8.5340e+01   8.5340e+01
   1.9223e+02  -1.9223e+02
  -1.8696e+01   1.8696e+01
   2.2128e+02  -2.2128e+02
  -7.6811e+00   7.6811e+00
   1.3549e+02  -1.3549e+02
  -1.0253e+02   1.0253e+02
  -3.7439e+02   3.7439e+02
  -9.4405e+01   9.4405e+01
   1.2299e+02  -1.2299e+02
   1.7010e+02  -1.7010e+02
  -5.3969e+02   5.3969e+02
  -1.8409e+02   1.8409e+02
  -3.5036e+02   3.5036e+02
  -8.6846e+01   8.6846e+01
  -3.6129e+02   3.6129e+02
   1.4797e+02  -1.4797e+02
  -1.0729e+02   1.0729e+02
  -2.2995e+01   2.2995e+01
  -2.6073e+02   2.6073e+02
   8.9101e+02  -8.9101e+02
  -1.7725e+02   1.7725e+02
  -1.0849e+02   1.0849e+02
  -2.9826e+02   2.9826e+02
  -9.0595e+01   9.0595e+01
  -8.0516e+01   8.0516e+01
   3.2227e+02  -3.2227e+02
  -3.7944e+02   3.7944e+02
   2.1398e+01  -2.1398e+01
   1.8459e+02  -1.8459e+02
   5.1529e+02  -5.1529e+02
   4.9122e+02  -4.9122e+02
  -1.0911e+02   1.0911e+02
  -2.3819e+02   2.3819e+02
   1.0122e+02  -1.0122e+02
   1.5204e+02  -1.5204e+02
  -3.2159e+01   3.2159e+01
   6.9156e+02  -6.9156e+02
  -4.4555e+02   4.4555e+02
   6.3862e+01  -6.3862e+01
  -1.6828e+02   1.6828e+02
   5.0236e+01  -5.0236e+01
   3.5263e+02  -3.5263e+02
  -1.2013e+01   1.2013e+01
   2.2057e+02  -2.2057e+02
  -1.1696e+02   1.1696e+02
   2.0382e+02  -2.0382e+02
  -3.7468e+02   3.7468e+02
  -3.4020e+01   3.4020e+01
   2.8137e+01  -2.8137e+01
   5.9638e+02  -5.9638e+02
  -1.3997e+02   1.3997e+02
  -1.4107e+02   1.4107e+02
   1.9491e+02  -1.9491e+02
  -3.2738e+02   3.2738e+02
   8.0703e+02  -8.0703e+02
   2.0658e+02  -2.0658e+02
   7.2893e+01  -7.2893e+01
   5.1136e+01  -5.1136e+01
  -3.1925e+02   3.1925e+02
  -2.1739e+02   2.1739e+02
   1.6720e+02  -1.6720e+02
   9.8095e+01  -9.8095e+01
   6.4396e+01  -6.4396e+01
   9.2266e+01  -9.2266e+01
  -4.7774e+01   4.7774e+01
   3.2603e+02  -3.2603e+02
   3.9591e+01  -3.9591e+01
   3.0127e+02  -3.0127e+02
  -2.4152e+02   2.4152e+02
  -1.3497e-01   1.3497e-01
   8.0593e+01  -8.0593e+01
   1.5010e+02  -1.5010e+02
  -7.1635e+01   7.1635e+01
   2.0586e+02  -2.0586e+02
  -3.8427e+02   3.8427e+02
   1.2375e+02  -1.2375e+02
   1.1833e+02  -1.1833e+02
  -5.9572e+01   5.9572e+01
   2.9515e+02  -2.9515e+02
  -3.2072e+01   3.2072e+01
   2.3557e+01  -2.3557e+01
  -2.0933e+02   2.0933e+02
  -1.8272e+02   1.8272e+02
   5.9031e+02  -5.9031e+02
  -1.5022e+02   1.5022e+02
   1.9656e+02  -1.9656e+02
  -4.8463e+01   4.8463e+01
  -8.0293e+00   8.0293e+00
   2.6617e+02  -2.6617e+02
   1.6581e+02  -1.6581e+02
   1.1541e+02  -1.1541e+02
   2.0403e+02  -2.0403e+02
  -1.8778e+01   1.8778e+01
   9.5069e+01  -9.5069e+01
  -2.2547e+02   2.2547e+02
   3.8421e+01  -3.8421e+01
   1.7474e+02  -1.7474e+02
   1.2155e+01  -1.2155e+01
   4.5871e+02  -4.5871e+02
   3.8896e+02  -3.8896e+02
  -1.9515e+02   1.9515e+02
  -8.5124e+01   8.5124e+01
   5.9605e+02  -5.9605e+02
   3.6973e+01  -3.6973e+01
  -1.7388e+02   1.7388e+02
   7.8431e+01  -7.8431e+01
  -7.8063e+02   7.8063e+02
   4.2808e+02  -4.2808e+02
   1.8780e+02  -1.8780e+02
   3.1486e+01  -3.1486e+01
  -1.1734e+02   1.1734e+02
   3.2087e+01  -3.2087e+01
  -2.7937e+02   2.7937e+02
  -1.5213e+02   1.5213e+02
   1.1898e+02  -1.1898e+02
  -1.9221e+02   1.9221e+02
  -1.0089e+02   1.0089e+02
   1.6422e+02  -1.6422e+02
  -2.6141e+02   2.6141e+02
   3.3184e+02  -3.3184e+02
   8.3036e+01  -8.3036e+01
   7.2273e+01  -7.2273e+01
   1.6692e+02  -1.6692e+02
   3.4755e+02  -3.4755e+02
  -1.2843e+01   1.2843e+01
  -3.8723e+02   3.8723e+02
   2.1181e+02  -2.1181e+02
  -2.1952e+02   2.1952e+02
   2.2013e+02  -2.2013e+02
   2.1076e+02  -2.1076e+02
  -6.9461e+01   6.9461e+01
   5.9996e+02  -5.9996e+02
  -8.6253e+01   8.6253e+01
  -2.5477e+02   2.5477e+02
  -1.1180e+02   1.1180e+02
  -2.6418e+02   2.6418e+02
  -4.6471e+01   4.6471e+01
  -9.7559e+01   9.7559e+01
  -1.3650e+02   1.3650e+02
   4.6534e+01  -4.6534e+01
  -3.3667e+02   3.3667e+02
  -4.3196e+01   4.3196e+01
   4.2965e+02  -4.2965e+02
  -2.2467e+02   2.2467e+02
   6.0369e+02  -6.0369e+02
   5.4623e+02  -5.4623e+02
   1.7826e+02  -1.7826e+02
  -2.9139e+02   2.9139e+02
   1.9821e+02  -1.9821e+02
  -3.4765e+02   3.4765e+02
   4.4245e+02  -4.4245e+02
   7.9099e+01  -7.9099e+01
   1.6160e+02  -1.6160e+02
  -1.0962e+02   1.0962e+02
   1.0672e+02  -1.0672e+02
   4.9372e+02  -4.9372e+02
   1.2363e+01  -1.2363e+01
  -1.8256e+01   1.8256e+01
  -7.1229e+02   7.1229e+02
  -2.1322e+01   2.1322e+01
  -2.4594e+02   2.4594e+02
   6.9349e+01  -6.9349e+01
  -1.7420e+02   1.7420e+02
   1.8693e+02  -1.8693e+02
  -4.6681e+01   4.6681e+01
  -1.5492e+02   1.5492e+02
  -3.7358e+02   3.7358e+02
  -1.6340e+01   1.6340e+01
  -1.3166e+02   1.3166e+02
  -5.0669e+01   5.0669e+01
   8.9458e-01  -8.9458e-01
  -3.5466e+02   3.5466e+02
   3.7308e+02  -3.7308e+02
  -9.8852e+01   9.8852e+01
   2.4478e+01  -2.4478e+01
  -5.7938e+01   5.7938e+01
  -1.8808e+02   1.8808e+02
   1.1318e+02  -1.1318e+02
  -6.4759e+01   6.4759e+01
   1.8894e+02  -1.8894e+02
   1.5110e+02  -1.5110e+02
  -1.1153e+02   1.1153e+02
  -2.6942e+01   2.6942e+01
   6.7172e+01  -6.7172e+01
  -1.5091e+02   1.5091e+02
  -2.3843e+02   2.3843e+02
  -2.0945e+02   2.0945e+02
  -4.4467e+01   4.4467e+01
   2.5371e+01  -2.5371e+01
  -1.1236e+02   1.1236e+02
   3.4648e+02  -3.4648e+02
   1.5362e+02  -1.5362e+02
  -6.4465e+01   6.4465e+01
   3.4957e+01  -3.4957e+01
  -2.2234e+02   2.2234e+02
  -1.9602e+02   1.9602e+02
   6.5694e+01  -6.5694e+01
   1.6224e+02  -1.6224e+02
  -2.6481e+02   2.6481e+02
   1.3898e+01  -1.3898e+01
  -8.7241e+01   8.7241e+01
  -2.4842e+02   2.4842e+02
  -1.6899e+02   1.6899e+02
   5.9302e+02  -5.9302e+02
  -7.4066e+01   7.4066e+01
  -1.8886e+02   1.8886e+02
  -2.0421e+01   2.0421e+01
  -1.3132e+02   1.3132e+02
   1.4406e+02  -1.4406e+02
   6.3347e+02  -6.3347e+02
   1.5067e+02  -1.5067e+02
   9.0758e+01  -9.0758e+01
  -4.7119e+02   4.7119e+02
  -2.4027e+02   2.4027e+02
  -4.4213e+02   4.4213e+02
   7.2140e+02  -7.2140e+02
  -6.4789e+01   6.4789e+01
   1.1772e+02  -1.1772e+02
  -3.9957e+02   3.9957e+02
  -2.6913e+00   2.6913e+00
   5.8802e+02  -5.8802e+02
  -2.5538e+02   2.5538e+02
  -9.3679e+01   9.3679e+01
   7.0895e+01  -7.0895e+01
  -3.7781e+02   3.7781e+02
   1.6308e+02  -1.6308e+02
  -1.1465e+02   1.1465e+02
  -2.6508e+02   2.6508e+02
  -2.8247e+01   2.8247e+01
  -1.7739e+02   1.7739e+02
  -2.9130e+02   2.9130e+02
  -7.8682e+01   7.8682e+01
  -1.1368e+02   1.1368e+02
   3.7828e+02  -3.7828e+02
  -1.9088e+02   1.9088e+02
   2.2266e+02  -2.2266e+02
  -2.0003e+02   2.0003e+02
  -1.8733e+01   1.8733e+01
   3.0726e+02  -3.0726e+02
  -5.8650e+01   5.8650e+01
  -2.8269e+02   2.8269e+02
   3.0133e+02  -3.0133e+02
  -2.3966e+02   2.3966e+02
  -3.9470e+01   3.9470e+01
   9.8070e+00  -9.8070e+00
  -2.7564e+02   2.7564e+02
  -2.9601e+01   2.9601e+01

